Exporters	Select your indicators-Value exported in 2021 (USD thousand)	Select your indicators-Trade balance in 2021 (USD thousand)	Select your indicators-Annual growth in value between 2017-2021 (%)	Select your indicators-Annual growth in value between 2020-2021 (%)	Select your indicators-Share in world exports (%)	Select your indicators-Average distance of importing countries (km)	Select your indicators-Concentration of importing countries	
"World"	21513115684	-362327697	3	24	100	4808	0.04	
"China"	3026233691	587547398	6	17	14.1	6669	0.06	
"United States of America"	1753941406	-1183123078	1	23	8.2	6755	0.07	
"Germany"	1626387793	205192436	1	18	7.6	3075	0.04	
"Japan"	757460945	-15217866	0	18	3.5	5728	0.1	
"Netherlands"	691826642	71036845	5	25	3.2	2354	0.08	
"Hong Kong, China"	672153980	-41815266	4	22	3.1	3219	0.37	
"Korea, Republic of"	644438622	29404127	1	26	3	5188	0.1	
"Italy"	611009552	59476093	3	23	2.8	3092	0.05	
"France"	569479663	-132428300	0	20	2.6	2993	0.06	
"Belgium"	547537372	30951541	4	31	2.5	2276	0.08	
"Canada"	503726004	14143331	2	29	2.3	3005	0.57	
"Mexico"	494595503	-11969956	3	19	2.3	2830	0.61	
"Russian Federation"	492314339	198812667	4	46	2.3	3655	0.05	
"United Kingdom"	468059106	-221639701	-1	18	2.2	3695	0.05	
"Singapore"	457749966	50837197	3	22	2.1	4838	0.07	
"Taipei, Chinese"	447565068	65066611	8	29	2.1	4328	0.13	
"Viet Nam"	406755914	77556653	12	17	1.9	7591	0.13	
"India"	394813673	-175588331	4	43	1.8	6773	0.05	
"Spain"	391558519	-34501298	4	25	1.8	2785	0.06	
"Switzerland"	380243724	57180618	5	19	1.8	4436	0.08	
"Australia"	345599938	96706503	9	36	1.6	8594	0.16	
"Poland"	317832125	-17619197	7	25	1.5	1546	0.1	
"Malaysia"	299288393	60967286	6	28	1.4	5399	0.07	
"Brazil"	280814577	61406528	4	34	1.3	11764	0.12	
"Saudi Arabia"	267546847	115212888	-1	52	1.2	4727		
"Thailand"	267492416	-1609614	2	17	1.2	5879	0.07	
"Indonesia"	228231164	32518755	5	40	1.1	6430	0.09	
"Czech Republic"	225574895	16623227	4	17	1	1284	0.13	
"Turkey"	225264314	-46158444	8	33	1	3157	0.03	
"United Arab Emirates"	217742566	20871148	5	47	1	5092	0.09	
"Austria"	202927906	-16335814	3	20	0.9	2030	0.11	
"Ireland"	189996305	70488950	8	5	0.9	3904	0.14	
"Sweden"	189816220	2748386	4	23	0.9	2639	0.05	
"Norway"	160479746	61843562	5	95	0.7	2130	0.11	
"Hungary"	141256736	2352072	4	18	0.7	1571	0.09	
"Denmark"	125014614	3230588	4	17	0.6	2556	0.07	
"South Africa"	123734050	30119797	6	44	0.6	8649	0.05	
"Slovakia"	104360088	-322010	4	20	0.5	1410	0.09	
"Chile"	89842027	2800239	5	33	0.4	14040	0.19	
"Romania"	87485983	-28922070	3	24	0.4	1733	0.07	
"Finland"	81326554	-4666321	2	24	0.4	3109	0.05	
"Iraq"	80707078	45577743	-1	27	0.4	4936	0.21	
"Qatar"	77843843	52214104	0	44	0.4	6016	0.1	
"Argentina"	77838728	14654975	5	42	0.4	10407	0.05	
"Portugal"	75074828	-22520022	2	22	0.3	2440	0.11	
"Philippines"	74619723	-49766774	3	17	0.3	5359	0.1	
"Ukraine"	65870276	-4092540	9	33	0.3	3093	0.04	
"Israel"	59828554	-30451165	-3	19	0.3	6720	0.1	
"Kazakhstan"	56805894	11182880	5	41	0.3	3938	0.07	
"Peru"	56260115	5082372	3	45	0.3	11783	0.13	
"Kuwait"	55577818	32583930	-4	43	0.3	5872	0.16	
"Oman"	52661665	34771053	11	70	0.2	5618	0.26	
"Bangladesh"	52458371	-17294005	5	27	0.2	8137	0.08	
"Nigeria"	47570421	-4871258	-2	43	0.2	6236	0.06	
"Slovenia"	46773357	-2833975	8	25	0.2	1143	0.08	
"Greece"	46451612	-27554702	6	32	0.2	2510	0.04	
"New Zealand"	43361858	-6227425	3	16	0.2	10214	0.14	
"Bulgaria"	41943036	-5507618	5	31	0.2	1894	0.06	
"Lithuania"	40813701	-3736292	7	24	0.2	1891	0.05	
"Egypt"	40701704	-33079525	8	52	0.2	3849	0.03	
"Colombia"	40488600	-20612762	-2	30	0.2	6620	0.11	
"Belarus"	39889023	-1921667	5	37	0.2	1329	0.29	
"Algeria"	37322036	2860377	-5	70	0.2	3544	0.09	
"Morocco"	36578743	-22088514	7	32	0.2	3401	0.1	
"Angola"	33743794	22384113	-7	60	0.2	10179	0.38	
"Libya, State of"	30640044	15105003	-2	264	0.1	3492	0.1	
"Pakistan"	28880006	-44226618	5	30	0.1	6584	0.07	
"Ecuador"	26269228	549336	6	30	0.1	7743	0.11	
"Serbia"	25563527	-8227828	9	32	0.1	1468	0.05	
"Croatia"	22779832	-11715335	7	33	0.1	1184	0.07	
"Estonia"	22282692	-1858496	7	32	0.1	2123	0.06	
"Azerbaijan"	22206671	10508175	4	62	0.1	2866	0.2	
"Costa Rica"	21376867	4620775	10	31	0.1	6890	0.13	
"Latvia"	19504867	-3474108	8	28	0.1	1525	0.07	
"Myanmar"	18883691	-2443043	10	0	0.1	4741	0.16	
"Cambodia"	17571783	-11131107	13	-1	0.1	9908	0.2	
"Tunisia"	16432745	-5379223	2	19	0.1	1937	0.12	
"Luxembourg"	16247127	-9290021	6	20	0.1	1420	0.12	
"Congo, Democratic Republic of the"	14621093	6382884	12	51	0.1	9843	0.5	
"Uzbekistan"	14034977	-9689298	9	7	0.1	2455	0.17	
"Iran, Islamic Republic of"	13932245	-11233442	-39	22	0.1	3922	0.22	
"Guatemala"	13594246	-13011715	5	19	0.1	3686	0.14	
"Ghana"	12751965	-5748889	0	7	0.1	7260	0.09	
"Sri Lanka"	12721799	-4872680	2	24	0.1	8960	0.09	
"Côte d'Ivoire"	12657623	-652960	3	14	0.1	6829	0.06	
"Bahrain"	12214152	1008885	10	56	0.1	5318	0.08	
"Dominican Republic"	11831534	-15111160	3	20	0.1	4797	0.33	
"Papua New Guinea"	11608160	7423074	1	17	0.1	5899	0.16	
"Zambia"	11217517	4105992	5	39	0.1	6883	0.24	
"Uruguay"	11185003	-1618317	1	31	0.1	10575	0.12	
"Brunei Darussalam"	11058184	2483357	15	67	0.1	2997	0.15	
"Bolivia, Plurinational State of"	11030013	1470927	4	57	0.1	9217	0.08	
"Trinidad and Tobago"	10697366	5210584	-2	51	0	5921	0.19	
"Paraguay"	10547296	-3012433	3	24	0	4345	0.2	
"Macedonia, North"	9166826	-998500	7	23	0	1669	0.22	
"Turkmenistan"	8972153	5235512	0	16	0	4224	0.48	
"Bosnia and Herzegovina"	8614111	-4415975	5	40	0	879	0.09	
"Jordan"	8376405	-9238562	11	26	0	6254	0.18	
"Mongolia"	7921971	1858196	4	29	0	2444	0.71	
"Panama"	7499909	-35460942	7	44	0	9010	0.07	
"Guinea"	7286055	2384256	23	39	0	10018	0.35	
"Kenya"	6751366	-12842752	3	12	0	4840	0.05	
"Gabon"	6544533	4512076	2	24	0	9517	0.17	
"Nicaragua"	6495086	-3668112	6	28	0	3400	0.34	
"Tanzania, United Republic of"	6390863	-4482401	14	7	0	4288	0.09	
"Iceland"	5976689	-1865249	2	30	0	3059	0.12	
"El Salvador"	5660025	-9987091	3	37	0	2109	0.19	
"Lao People's Democratic Republic"	5485850	65509	1	2	0	2261	0.24	
"Mozambique"	5111686	-3511011	-2	48	0	6750	0.09	
"Burkina Faso"	5060028	350098	16	15	0	4583	0.54	
"Honduras"	4975949	-6655054	-1	7	0	4398	0.21	
"Equatorial Guinea"	4875944	4040315	-8	57	0	8521	0.12	
"Cameroon"	4772871	-2567972	5	19	0	7345	0.12	
"Senegal"	4486066	-3799390	9	14	0	4891	0.09	
"Guyana"	4243572	97187	27	51	0	7590	0.22	
"Namibia"	4138775	-1658911	-2	22	0	6895	0.12	
"Cyprus"	3886871	-6201759	-2	24	0	4515	0.04	
"Botswana"	3728875	-2412843	-11	28	0	7993	0.19	
"Venezuela, Bolivarian Republic of"	3291830	-3956987	-47	-31	0	9884	0.13	
"Georgia"	3291376	-4405927	7	29	0	3175	0.09	
"Albania"	3287624	-3392426	6	37	0	1694	0.22	
"Mauritania"	3266989	-593476	13	11	0	8619	0.21	
"Malta"	3200432	-3874605	1	20	0	4139	0.05	
"Moldova, Republic of"	3144476	-4032363	4	27	0	1245	0.11	
"Ethiopia"	3057629	-12232351	1	21	0	5365	0.06	
"Armenia"	2971222	-2348198	7	18	0	2956	0.12	
"Madagascar"	2718729	-1661615	-5	39	0	10004	0.11	
"Cayman Islands"	2444028	-3782434	27	31	0	8478	0.62	
"Congo"	2362230	10727	-28	-53	0	7666	0.23	
"Sudan"	2319333	-3970344	-4	11	0		0.17	
"Eswatini"	2245566	483185	4	29	0	2631	0.4	
"Chad"	2226203	1484400	12	51	0	6296	0.3	
"Lebanon"	2205226	-9851501	5	-17	0	3707	0.08	
"Mali"	2066174	-2249507	19	-4	0	6691	0.46	
"Zimbabwe"	2063471	-2869953	-2	6	0	8370	0.21	
"New Caledonia"	1897201	-350095	1	2	0	8788	0.31	
"Yemen"	1800466	-7438193	6	46	0	5331	0.18	
"Tajikistan"	1786685	-2430807	15	36	0	3109	0.17	
"Mauritius"	1684826	-3494999	-7	9	0	7603	0.07	
"Cuba"	1671031	-2209095	-3	-5	0	10053	0.18	
"Kyrgyzstan"	1658949	-3911177	0	-16	0	1865	0.15	
"Nepal"	1646000	-10870490	19	82	0	2382	0.65	
"Liberia"	1629614	-14228006	3	61	0	6311	0.11	
"Faroe Islands"	1626293	297463	2	27	0	2923	0.13	
"Uganda"	1624884	-3582903	0	24	0	5058	0.08	
"Suriname"	1528934	288406	-7	-6	0	7498	0.52	
"Afghanistan"	1476283	-2381502	11	21	0	1823	0.34	
"Macao, China"	1392425	-17954230	6	36	0		0.65	
"Haiti"	1383144	-2972896	2	32	0	3748	0.69	
"Greenland"	1366929	417240	9	0	0	4797	0.31	
"Marshall Islands"	1315253	-12623693	15	67	0	10735	0.21	
"Bahamas"	1131728	-6354455	-2	-8	0	8603	0.22	
"Togo"	1069303	-1423835	4	9	0	2973	0.08	
"Benin"	1024180	-2164068	5	21	0	7865	0.2	
"Jamaica"	1023144	-3568977	-5	7	0	5396	0.28	
"Lesotho"	1007041	-604368	-4	9	0	8212	0.28	
"Niger"	949801	-690123	21	56	0	7187	0.22	
"Free Zones"	943622	307291	-31	77	0		0.77	
"Malawi"	915742	-628295	-2	17	0	6836	0.07	
"Sierra Leone"	911445	-586692	0	60	0	8516	0.22	
"Fiji"	815336	-1300314	-6	-1	0	5935	0.09	
"Syrian Arab Republic"	743582	-3630463	14	10	0	1612	0.26	
"Seychelles"	668369	52016	2	3	0	7474	0.1	
"Solomon Islands"	507364	39884	-14	-7	0	8425	0.36	
"South Sudan"	477193	71180	-25	-32	0		0.45	
"Eritrea"	464818	254067	10	28	0	8091	0.63	
"Montenegro"	437051	-2067243	2	19	0	1186	0.13	
"Rwanda"	390802	-1630660	7	19	0	6943	0.09	
"Curaçao"	386948	-1230637	-32	101	0		0.11	
"Djibouti"	361427	-5003449	24	74	0	2548	0.31	
"Bhutan"	357415	-742982	5	83	0	1498	0.93	
"Barbados"	350173	-1323448	-9	1	0	2865	0.1	
"Falkland Islands (Malvinas)"	320367	179669	13	-22	0	11483	0.65	
"Vanuatu"	283263	-48015	4	63	0	8099	0.33	
"Timor-Leste"	273463	-523931	25	150	0	4440	0.25	
"Belize"	257479	-799963	-4	22	0	5010	0.13	
"British Virgin Islands"	254315	-1886327	-6	-56	0	8433	0.13	
"Bermuda"	224352	-1281097	1	-11	0	6494	0.33	
"Nauru"	209602	98926	78	91	0	8473	0.27	
"Micronesia, Federated States of"	200363	68902	16	53	0	5489	0.63	
"United States Minor Outlying Islands"	197345	-905820	0	74	0		0.18	
"Ship stores and bunkers"	192552	-23232717	-20	-14	0		0.3	
"Antigua and Barbuda"	192032	-1042692	0	35	0	5717	0.12	
"Guinea-Bissau"	181589	-213903	-9	29	0	9356	0.64	
"French Polynesia"	172543	-1415971	-10	94	0	10628	0.3	
"Somalia"	164687	-3007364	-2	29	0	4959	0.12	
"Tuvalu"	154787	-12591	62	1014	0	10131	0.63	
"Maldives"	151581	-2428969	-6	-7	0	5383	0.24	
"Gambia"	129359	-1422393	-6	4	0	9320	0.22	
"Cabo Verde"	126355	-754472	2	32	0	4016	0.42	
"Korea, Democratic People's Republic of"	122220	-119149	-48	-4	0	6770	0.15	
"Andorra"	115896	-1450215	5	0	0	2427	0.17	
"Gibraltar"	103135	-7506223	-19	-45	0	2258	0.2	
"Kiribati"	102695	-64561	-12	6	0	7662	0.39	
"Saint Vincent and the Grenadines"	98368	-273578	-12	169	0	7648	0.34	
"Palestine, State of"	94361	-1025156	21	-9	0	3205	0.11	
"Aruba"	88347	-1081427	-1	34	0	2327	0.31	
"Central African Republic"	86239	-176260	6	-13	0	7021	0.21	
"Burundi"	75576	-528407	-5	30	0	6848	0.12	
"Saint Kitts and Nevis"	66913	-164635	-6	2	0	5216	0.41	
"Saint Lucia"	41858	-1388999	-20	12	0	3435	0.16	
"Saint Helena"	40391	-10899	0	202	0	10564	0.64	
"Grenada"	35163	-411513	-1	43	0	3027		
"Comoros"	34994	-407890	-10	77	0	5377	0.16	
"Cook Islands"	31829	-115822	-11	11	0	11583	0.25	
"Sao Tome and Principe"	31456	-93109	21	18	0	6832	0.11	
"Dominica"	29238	-620412	-18	16	0	8066	0.12	
"Samoa"	28992	-341244	-10	-22	0	5509	0.15	
"Tokelau"	26605	17213	-19	-38	0	15157	0.19	
"Bonaire, Sint Eustatius and Saba"	20378	-556624	-6	166	0		0.39	
"French Southern and Antarctic Territories"	19444	-67214	8	-43	0		0.26	
"Tonga"	15862	-203398	-4	38	0	8545	0.15	
"Christmas Island"	14096	-26836	-11	-6	0		0.15	
"Montserrat"	13051	-1870	0	106	0		0.26	
"Saint Pierre and Miquelon"	9658	-66773	20	31	0	2399	0.64	
"Turks and Caicos Islands"	9598	-432857	-6	-76	0	5840	0.33	
"Cocos (Keeling) Islands"	9032	-5793	17	102	0		0.15	
"Niue"	7671	-20579	-36	-90	0	10834	0.25	
"Anguilla"	7273	-99864	-13	-18	0	7106	0.12	
"Western Sahara"	6665	-30125	112	-12	0	9873	0.44	
"Pitcairn"	6247	2363	40	86	0		0.55	
"Palau"	5689	-119178	-32	-63	0	6590	0.18	
"Sint Maarten (Dutch part)"	3923	-86354	-44	50	0		0.27	
"British Indian Ocean Territory"	3921	-42869	-18	-71	0		0.52	
"Northern Mariana Islands"	3486	-61401	5	-57	0	6553	0.22	
"Norfolk Island"	2414	-33228	3	2	0	12134	0.09	
"Wallis and Futuna Islands"	508	-50075	1	-69	0	12348	0.12	
"Neutral Zone"	32	32	11	9	0		1	
"West Asia not elsewhere specified"	23	-550			0		1	
"British Antarctic Territory"	3	1	-4	7	0		0.63	
