Importers	Select your indicators-Value exported in 2021 (USD thousand)	Select your indicators-Trade balance 2021 (USD thousand)	Select your indicators-Share in Canada's exports (%)	Select your indicators-Growth in exported value between 2017-2021 (%, p.a.)	Select your indicators-Growth in exported value between 2020-2021 (%, p.a.)	Select your indicators-Ranking of partner countries in world imports	Select your indicators-Share of partner countries in world imports (%)	Select your indicators-Total imports growth in value of partner countries between 2017-2021 (%, p.a.)	Select your indicators-Average distance between partner countries and all their supplying markets (km)	Select your indicators-Concentration of all supplying countries of partner countries	Select your indicators-Average tariff (estimated) faced by Canada (%)	
"World"	503726004	14143331	100	2	29		100	3				
"United States of America"	380589387	143231175	75.6	2	33	1	13.4	3	7938	0.08		
"China"	22987555	-45665951	4.6	3	22	2	11.1	5	6416	0.04		
"United Kingdom"	12941790	6660056	2.6	1	-13	7	3.2	1	3930	0.06		
"Japan"	11447554	-875427	2.3	4	24	4	3.5	1	6256	0.09		
"Mexico"	6530519	-20137657	1.3	-2	43	13	2.3	2	7039	0.24		
"Germany"	5470542	-9774814	1.1	14	15	3	6.5	3	3376	0.05		
"Korea, Republic of"	4533715	-3716424	0.9	0	29	9	2.8	4	5699	0.09		
"Netherlands"	3808700	689569	0.8	11	-6	8	2.8	5	3706	0.07		
"France"	3227848	-2437948	0.6	5	17	6	3.2	1	3195	0.06		
"Belgium"	3016612	-865260	0.6	-2	61	12	2.4	3	2709	0.08		
"Hong Kong, China"	2824769	2484273	0.6	2	99	5	3.3	3	2841	0.22		
"Norway"	2498346	1718042	0.5	11	32	39	0.5	3	3470	0.06		
"Switzerland"	2417213	-2126445	0.5	8	80	20	1.5	4	3384	0.07		
"India"	2361591	-2408682	0.5	-8	-14	10	2.6	2	5793	0.05		
"Italy"	2114243	-6239292	0.4	5	-23	11	2.5	2	2891	0.06		
"Taipei, Chinese"	1947526	-4296245	0.4	7	47	17	1.7	8	5007	0.1		
"Spain"	1854926	-1160673	0.4	3	76	15	1.9	3	3890	0.05		
"Australia"	1844571	56735	0.4	4	16	24	1.1	1	10262	0.1		
"Brazil"	1805517	-4171038	0.4	6	13	26	1	6	10879	0.09		
"Indonesia"	1787723	208035	0.4	4	34	30	0.9	2	5872	0.11		
"Saudi Arabia"	1744107	-141809	0.3	7	50	32	0.7	3	5816	0.07		
"United Arab Emirates"	1561271	1122697	0.3	6	19	29	0.9	-2	5715	0.08		
"Philippines"	998719	-121084	0.2	8	50	34	0.6	2	4354	0.09		
"Chile"	972941	-466487	0.2	7	33	43	0.4	6	11582	0.13		
"Singapore"	964847	144703	0.2	-1	5	16	1.9	3	5773	0.07		
"Turkey"	916676	-1307985	0.2	-3	9	22	1.2	3	4285	0.05		
"Peru"	866486	-2305579	0.2	11	33	54	0.2	3	10420	0.13		
"Algeria"	862021	815783	0.2	11	87	64	0.2	-8	4584	0.07		
"Malaysia"	814961	-2219547	0.2	7	42	25	1.1	3	5172	0.09		
"Colombia"	801047	-237806	0.2	4	36	51	0.3	4	8915	0.13		
"Bangladesh"	793244	-711922	0.2	13	-11	49	0.3	6	4172	0.15		
"Thailand"	694115	-2593201	0.1	4	17	23	1.2	2	4905	0.09		
"Poland"	659405	-1128300	0.1	1	63	18	1.5	8	3121	0.08		
"Ireland"	616446	-1676938	0.1	5	23	36	0.5	4	3265	0.1		
"Pakistan"	567335	133254	0.1	0	14	47	0.3	2	4850	0.11		
"Finland"	551028	-550880	0.1	-1	12	44	0.4	3	2842	0.07		
"Malta"	526528	496375	0.1	40	158	120	0.03	1	3249	0.08		
"Viet Nam"	525620	-7324464	0.1	-12	-4	19	1.5	8	3535	0.19		
"Russian Federation"	523944	-1184213	0.1	1	14	21	1.3	5	4187	0.09		
"Egypt"	500266	-521947	0.1	24	-6	46	0.3	-1	5219	0.05		
"Nigeria"	483000	-1162252	0.1	12	-10	53	0.2	17	7792	0.1		
"Ecuador"	457137	154250	0.1	16	55	69	0.1	3	9174	0.12		
"Morocco"	399170	-111104	0.1	8	-12	52	0.3	4	4316	0.07		
"Israel"	381028	-670708	0.1	-2	42	42	0.4	4	5483	0.07		
"Sweden"	348212	-1587999	0.1	-13	14	31	0.9	3	2128	0.07		
"New Zealand"	345896	-268164	0.1	-6	22	56	0.2	3	11141	0.09		
"Iran, Islamic Republic of"	325507	297645	0.1	46	6	72	0.1	-18	5612	0.13		
"South Africa"	305076	-1034275	0.1	-1	31	41	0.4	-1	9230	0.07		
"Ghana"	297498	215640	0.1	10	42	82	0.08	8	8888	0.18		
"Latvia"	285631	201613	0.1	-20	141	77	0.1	7	1575	0.08		
"Bahamas"	284321	277798	0.1	0	151	115	0.03	-8	6248	0.19		
"Argentina"	283180	-495963	0.1	-7	58	50	0.3	-5	10631	0.1		
"Austria"	280906	-1562223	0.1	-2	104	27	1	3	1514	0.18		
"Trinidad and Tobago"	247629	-34837	0	-4	51	128	0.03	-1	6663	0.26		
"Portugal"	232140	-366566	0	-5	60	40	0.4	2	2788	0.14		
"Dominican Republic"	228363	25887	0	13	21	67	0.1	5	6446	0.22		
"Cuba"	224038	-334690	0	-11	13	145	0.02	-13	7148	0.09		
"Denmark"	195882	-1000952	0	-14	-11	35	0.6	5	2182	0.08		
"Botswana"	192395	186697	0	-23	-14	124	0.03	2	2968	0.52		
"Czech Republic"	180617	-499598	0	1	12	28	1	4	2987	0.1		
"Ukraine"	175811	-5423	0	-7	47	48	0.3	7	3255	0.06		
"Bahrain"	173571	127143	0	8	73	101	0.05	1	6359	0.08		
"Guatemala"	172425	-345870	0	15	85	68	0.1	7	5828	0.15		
"Panama"	163677	148284	0	5	70	60	0.2	1	8657	0.12		
"Tanzania, United Republic of"	154856	135873	0	14	471	102	0.05	7	6633	0.1		
"Costa Rica"	147130	-327003	0	3	24	86	0.08	3	6987	0.22		
"Bulgaria"	146070	-9467	0	-12	-20	57	0.2	6	2237	0.05		
"Senegal"	142987	139045	0	38	87	110	0.04	4	6632	0.05		
"Bonaire, Sint Eustatius and Saba"	134331	134325	0			189	0	20		0.19		
"Venezuela, Bolivarian Republic of"	134183	122574	0	-5	145	117	0.03	-11	8121	0.16		
"Romania"	121312	-409863	0	-1	5	37	0.5	6	1891	0.07		
"Lithuania"	117367	-149081	0	12	81	59	0.2	7	1630	0.07		
"Greece"	114551	-154412	0	9	26	45	0.3	4	2847	0.05		
"Luxembourg"	114380	-54330	0	12	24	71	0.1	3	1488	0.14		
"Jamaica"	108701	52971	0	2	19	137	0.02	-2	6759	0.22		
"Iraq"	107536	106652	0	5	64	62	0.2	3	4107	0.18		
"Qatar"	107283	7017	0	-6	27	70	0.1	0	5745	0.06		
"Sri Lanka"	103983	-270350	0	-9	-41	85	0.08	-3	4351	0.16		
"Lebanon"	93322	59114	0	-6	76	97	0.06	-12	3592	0.06		
"Ethiopia"	89198	48016	0	8	-30	90	0.07	1	6305	0.11		
"Kuwait"	88526	76385	0	-14	23	76	0.1	-3	5837	0.07		
"Tunisia"	87096	-49947	0	30	-24	78	0.10	-1	3411	0.06		
"Hungary"	85193	-583164	0	4	80	33	0.6	6	2180	0.09		
"El Salvador"	80908	17770	0	12	97	88	0.07	9	4914	0.15		
"Kenya"	74552	38712	0	-14	-2	80	0.09	2	6680	0.08		
"Uruguay"	71842	6606	0	-4	48	95	0.06	0	9836	0.11		
"Iceland"	70555	-20045	0	-8	39	112	0.04	-1	4251	0.05		
"Kazakhstan"	69796	-657783	0	-12	23	58	0.2	6	3017	0.25		
"Bermuda"	69597	69142	0	16	32	169	0	-3	8006	0.28		
"Cameroon"	69424	59838	0	19	19	116	0.03	8	7279	0.14		
"Côte d'Ivoire"	65367	-177014	0	21	34	93	0.06	9	6793	0.08		
"Haiti"	64576	6968	0	6	-10	140	0.02	0	6340	0.18		
"Curaçao"	63536	63487	0	28	-11	163	0	-12		0.24		
"Albania"	59035	48819	0	28	63	121	0.03	6	1886	0.13		
"Libya, State of"	58374	58197	0	32	52	89	0.07	12	3475	0.08		
"Slovenia"	56785	-119530	0	1	-27	55	0.2	10	2404	0.07		
"Oman"	54603	-1891	0	-9	-25	83	0.08	-6	5977	0.08		
"Angola"	51393	51076	0	4	-51	100	0.05	-11	7692	0.06		
"Nepal"	49654	39690	0	38	-54	96	0.06	8	1856	0.56		
"United States Minor Outlying Islands"	47762	45301	0	30	380	177	0	0		0.21		
"Jordan"	47606	-49304	0	-2	-25	84	0.08	0	5167	0.07		
"Macao, China"	45370	37796	0	14	9	81	0.09	15		0.17		
"Honduras"	43969	-306710	0	2	55	99	0.05	4	6104	0.16		
"Togo"	40959	29959	0	32	82	153	0.01	10	7318	0.08		
"Nicaragua"	40668	-63767	0	12	5	104	0.05	4	5888	0.1		
"Burkina Faso"	40232	38082	0	-2	5	136	0.02	5	6109	0.05		
"Mali"	40050	36015	0	20	48	141	0.02	9	5008	0.1		
"Barbados"	38250	23178	0	8	7	161	0	0	4992	0.21		
"Cayman Islands"	36620	33540	0	29	-43	123	0.03	5	7522	0.35		
"Sudan"	35818	35497	0	15	-33	122	0.03	-2		0.13		
"Slovakia"	35631	-591248	0	7	37	38	0.5	4	2664	0.07		
"Mozambique"	31814	-578	0	5	-51	108	0.04	8	6196	0.1		
"Guyana"	30790	-128467	0	6	40	144	0.02	13	11175	0.21		
"Cambodia"	30685	-1392360	0	-14	31	66	0.1	16	2651	0.18		
"Georgia"	30646	9508	0	0	38	113	0.04	-2	2513	0.09		
"Benin"	28308	27790	0	4	54	149	0.01	-2	6481	0.07		
"Myanmar"	28124	-81924	0	2	-29	79	0.10	-1	2536	0.25		
"Guinea"	27613	-35143	0	21	52	135	0.02	7	9140	0.19		
"Saint Pierre and Miquelon"	27461	19840	0	9	107	215	0	10	3489	0.45		
"Maldives"	26876	25818	0	-5	171	151	0.01	-3	4478	0.08		
"Uganda"	26779	12506	0	11	11	132	0.02	11	5788	0.09		
"Croatia"	26287	-47463	0	-20	16	63	0.2	6	1362	0.07		
"Canada"	25673	-3747739	0		101087	14	2.2	1	5042	0.26		
"Antigua and Barbuda"	23922	23596	0	22	228	174	0	1	6334	0.27		
"Serbia"	23104	-66406	0	13	5	65	0.2	9	2497	0.06		
"New Caledonia"	20485	19845	0	-23	15	155	0.01	-1	11471	0.2		
"Liberia"	19558	-3067	0	40	395	87	0.07	17	11608	0.19		
"Mauritania"	19153	-318085	0	6	-11	146	0.02	1	5817	0.07		
"Suriname"	18793	11056	0	-7	11	173	0	1	9050	0.14		
"Estonia"	18409	-127557	0	-1	-4	73	0.1	6	2314	0.06		
"Saint Vincent and the Grenadines"	18111	18051	0	46	94	196	0	3	6798	0.14		
"Paraguay"	17393	6969	0	-10	53	92	0.06	0	7311	0.15		
"Congo"	16621	13994	0	-2	77	154	0.01	-18	6851	0.07		
"Saint Lucia"	14763	14019	0	22	40	171	0	-10	5321	0.23		
"Congo, Democratic Republic of the"	14369	-190276	0	10	-10	111	0.04	13	6479	0.14		
"Zambia"	13577	-95887	0	-9	71	119	0.03	-9	5447	0.14		
"Gabon"	13569	11922	0	12	4	158	0.01	-2	7114	0.11		
"Belarus"	12577	-13716	0	51	11	61	0.2	2	2268	0.23		
"Mongolia"	11508	9977	0	-15	-17	125	0.03	8	3267	0.22		
"Greenland"	10379	9031	0	-19	94	180	0	6	3482	0.44		
"Bolivia, Plurinational State of"	10298	-281715	0	-28	-15	106	0.04	-3	7978	0.11		
"French Polynesia"	10046	8911	0	-6	32	165	0	1	13300	0.24		
"Rwanda"	9264	7860	0	14	297	159	0.01	17	5437	0.08		
"Syrian Arab Republic"	9197	6825	0	-12	-68	139	0.02	-3	2496	0.27		
"Madagascar"	8853	-145512	0	-11	5	138	0.02	2	7339	0.08		
"Equatorial Guinea"	8846	-4460	0	24	286	182	0	2	6008	0.11		
"Sierra Leone"	8745	6164	0	7	34	170	0	10	8820	0.13		
"Armenia"	8742	-258	0	2	36	131	0.02	6	3323	0.15		
"Cyprus"	8344	3174	0	-7	-2	105	0.05	-1	3118	0.09		
"Grenada"	7962	6056	0	1	38	191	0	-1	4157	0.2		
"Namibia"	7480	-31432	0	21	53	126	0.03	-1	3757	0.37		
"Zimbabwe"	7170	-600	0	-18	192	134	0.02	7	3754	0.39		
"Kyrgyzstan"	6830	6191	0	-5	-1	127	0.03	1	2892	0.2		
"Mauritius"	6694	-6090	0	1	26	133	0.02	-2	7320	0.08		
"Lao People's Democratic Republic"	6621	-20471	0	4	247	129	0.02	-1	2572	0.28		
"Brunei Darussalam"	6206	5433	0	24	-10	109	0.04	26	5185	0.11		
"Niger"	5955	-53324	0	16	-22	162	0	13	5715	0.09		
"Yemen"	5539	5147	0	-17	-13	107	0.04	11	5706	0.11		
"Uzbekistan"	5348	-197066	0	7	-49	74	0.1	16	3412	0.12		
"Belize"	5346	2974	0	-20	22	179	0	1	5006	0.18		
"Turks and Caicos Islands"	4721	4582	0	0	81	193	0	-3	3491	0.74		
"Dominica"	4642	4152	0	-9	64	185	0	8	4908	0.65		
"Azerbaijan"	4201	-297745	0	-21	-28	98	0.05	5	3712	0.09		
"Papua New Guinea"	4200	1643	0	-18	-62	143	0.02	-1	4973	0.17		
"Saint Kitts and Nevis"	4166	1815	0	-13	-8	201	0	-12	5440	0.41		
"Turkmenistan"	4156	3503	0	-37	4	148	0.02	4	3495	0.15		
"Gambia"	4018	3602	0	-1	64	167	0	7	8260	0.14		
"Djibouti"	3928	3603	0	23	-1	130	0.02	5	6387	0.22		
"Malawi"	3830	3013	0	-22	-27	168	0	0	5169	0.15		
"Montenegro"	3792	-5607	0	-8	34	152	0.01	0	2382	0.08		
"Sint Maarten (Dutch part)"	3351	3272	0			213	0	-7		0.43		
"Bosnia and Herzegovina"	3318	-20778	0	4	1	94	0.06	3	2228	0.07		
"French Southern and Antarctic Territories"	3234	3121	0	0	2864	214	0	14		0.12		
"Macedonia, North"	3203	-7209	0	-2	-18	103	0.05	8	1348	0.09		
"Aruba"	2885	2857	0	-27	-8	175	0	-3	4917	0.3		
"Fiji"	2670	-3267	0	-36	-24	157	0.01	-7	7384	0.12		
"British Virgin Islands"	2664	2431	0	-9	-24	156	0.01	8	7242	0.27		
"Somalia"	2620	2282	0	-20	7	150	0.01	9	5305	0.16		
"Moldova, Republic of"	2543	-14627	0	15	-19	118	0.03	8	2317	0.08		
"South Sudan"	1771	1761	0			194	0	12		0.25		
"Eritrea"	1603	1587	0	69	173	203	0	-8	6303	0.14		
"Afghanistan"	1586	-5577	0	-42	-85	147	0.02	-8	2990	0.12		
"Anguilla"	1566	1420	0	-14	116	212	0	-5	4397	0.58		
"Burundi"	1231	816	0	-22	90	188	0	13	4755	0.14		
"Christmas Island"	1174	762	0	-11	151	220	0	3		0.69		
"Chad"	1083	1004	0	-20	-84	184	0	13	6931	0.16		
"Central African Republic"	993	802	0	30	535	199	0	7	6606	0.08		
"Wallis and Futuna Islands"	973	964	0	101	12468	218	0	7	10103	0.24		
"Eswatini"	969	-567	0	-26	-23	160	0	1	1597	0.74		
"Seychelles"	807	-918	0	-41	-56	187	0	-7	6627	0.06		
"Cabo Verde"	800	471	0	-18	-51	181	0	4	5196	0.21		
"Tajikistan"	752	515	0	-22	-68	142	0.02	9	2803	0.17		
"Cocos (Keeling) Islands"	690	204	0	117	258	225	0	8		0.74		
"Comoros"	630	604	0	9	-50	192	0	18	5731	0.22		
"Tonga"	562	458	0	-19	4971	202	0	4	5771	0.16		
"Pitcairn"	543	488	0	89	342	227	0	-5		0.23		
"Falkland Islands (Malvinas)"	520	488	0	114	515	207	0	2	12325	0.46		
"Lesotho"	483	-7767	0	6	329	164	0	-2	1590	0.78		
"Timor-Leste"	399	-5318	0	8	254	183	0	12	3988	0.22		
"Andorra"	369	254	0	38	-34	166	0	2	610	0.52		
"Faroe Islands"	351	-9896	0	8	-12	172	0	7	1404	0.27		
"Montserrat"	208	-5532	0	-6	-31	224	0	-7		0.49		
"Guinea-Bissau"	199	189	0	22	-10	195	0	2	5802	0.16		
"Solomon Islands"	176	33	0	-49	919	190	0	0	6301	0.17		
"Vanuatu"	173	119	0	-14	7	198	0	-2	6248	0.13		
"Nauru"	148	-40	0	18	405	211	0	18	6014	0.27		
"Bhutan"	137	114	0	-26	16	178	0	15	1733	0.63		
"Saint Helena"	113	-561	0	14	-62	217	0	6	7699	0.31		
"Niue"	90	-33	0	1	309	223	0	7	11410	0.48		
"British Indian Ocean Territory"	72	-126	0	54	-15	219	0	-9		0.67		
"Sao Tome and Principe"	70	-284	0	1	181	210	0	-3	6155	0.31		
"Kiribati"	24	-332	0	-59	-93	205	0	10	5936	0.13		
"Cook Islands"	21	-27	0	-61	381	206	0	-4	9417	0.22		
"Samoa"	20	-80	0	-5	-95	197	0	-1	6816	0.13		
"Norfolk Island"	16	-98	0	-31	-68	222	0	1	5454	0.24		
"Korea, Democratic People's Republic of"	9	5	0	-65		200	0	-49	1470	0.87		
"Western Sahara"		-23				221	0	-16	12469	0.9		
"Ship stores and bunkers"						75	0.1	-11		0.16		
"Marshall Islands"						91	0.06	-1	7455	0.18		
"Gibraltar"						114	0.03	-5	2572	0.09		
"Palestine, State of"						176	0	8	3026	0.1		
"Free Zones"						186	0	-34		0.92		
"Tuvalu"						204	0	17	6386	0.21		
"Micronesia, Federated States of"						208	0	-8	7109	0.19		
"Palau"						209	0	1	6232	0.16		
"Northern Mariana Islands"						216	0	-19	3811	0.2		
"Tokelau"						226	0	-33	11566	0.22		
"West Asia not elsewhere specified"						228	0			1		
"British Antarctic Territory"						229	0			1		
