Importers	Select your indicators-Value exported in 2021 (USD thousand)	Select your indicators-Trade balance 2021 (USD thousand)	Select your indicators-Share in Germany's exports (%)	Select your indicators-Growth in exported value between 2017-2021 (%, p.a.)	Select your indicators-Growth in exported value between 2020-2021 (%, p.a.)	Select your indicators-Ranking of partner countries in world imports	Select your indicators-Share of partner countries in world imports (%)	Select your indicators-Total imports growth in value of partner countries between 2017-2021 (%, p.a.)	Select your indicators-Average distance between partner countries and all their supplying markets (km)	Select your indicators-Concentration of all supplying countries of partner countries	Select your indicators-Average tariff (estimated) faced by Germany (%)	
"World"	1626387793	205192436	100	1	18		100	3				
"United States of America"	144235136	59093937	8.9	1	22	1	13.4	3	7938	0.08		
"China"	122635526	-44690316	7.5	5	12	2	11.1	5	6416	0.04		
"France"	120683725	47236348	7.4	-2	16	6	3.2	1	3195	0.06		
"Netherlands"	108240506	454046	6.7	3	22	8	2.8	5	3706	0.07		
"Poland"	92332636	11015933	5.7	7	24	18	1.5	8	3121	0.08		
"Italy"	88806638	11625077	5.5	2	28	11	2.5	2	2891	0.06		
"Austria"	81112915	27614424	5	2	21	27	1	3	1514	0.18		
"United Kingdom"	77297205	39421499	4.8	-6	1	7	3.2	1	3930	0.06		
"Switzerland"	72431928	13740260	4.5	3	12	20	1.5	4	3384	0.07		
"Belgium"	59552087	2738326	3.7	3	20	12	2.4	3	2709	0.08		
"Czech Republic"	54535369	-4524249	3.4	2	22	28	1	4	2987	0.1		
"Spain"	51601297	11009467	3.2	-1	20	15	1.9	3	3890	0.05		
"Hungary"	33940655	-1155941	2.1	3	21	33	0.6	6	2180	0.09		
"Russian Federation"	31501329	4273133	1.9	0	19	21	1.3	5	4187	0.09		
"Sweden"	31493398	11558438	1.9	-1	18	31	0.9	3	2128	0.07		
"Turkey"	25186206	3447322	1.5	2	2	22	1.2	3	4285	0.05		
"Denmark"	24342237	9567193	1.5	2	16	35	0.6	5	2182	0.08		
"Korea, Republic of"	22143247	7195738	1.4	2	9	9	2.8	4	5699	0.09		
"Romania"	21619977	4225029	1.3	4	19	37	0.5	6	1891	0.07		
"Japan"	21566952	-6172303	1.3	-2	9	4	3.5	1	6256	0.09		
"Slovakia"	18013497	-2236221	1.1	3	19	38	0.5	4	2664	0.07		
"Area Nes"	17200883	-35632310	1.1	15	53							
"Mexico"	15616531	6468222	1	-1	21	13	2.3	2	7039	0.24		
"India"	14709577	1847055	0.9	2	20	10	2.6	2	5793	0.05		
"Finland"	14152962	4161871	0.9	1	22	44	0.4	3	2842	0.07		
"Brazil"	12398617	3451912	0.8	4	28	26	1	6	10879	0.09		
"Portugal"	11848421	3469442	0.7	2	17	40	0.4	2	2788	0.14		
"Canada"	11848229	4549688	0.7	0	11	14	2.2	1	5042	0.26		
"Australia"	11681713	8027690	0.7	0	20	24	1.1	1	10262	0.1		
"Norway"	11264165	2594080	0.7	2	17	39	0.5	3	3470	0.06		
"Taipei, Chinese"	11023649	-3370640	0.7	5	18	17	1.7	8	5007	0.1		
"South Africa"	9458794	-5045084	0.6	-6	27	41	0.4	-1	9230	0.07		
"Ireland"	9172211	-16113181	0.6	-4	4	36	0.5	4	3265	0.1		
"Singapore"	8500225	3530872	0.5	-1	22	16	1.9	3	5773	0.07		
"United Arab Emirates"	8408439	7397513	0.5	-10	6	29	0.9	-2	5715	0.08		
"Greece"	8389599	5114956	0.5	8	21	45	0.3	4	2847	0.05		
"Luxembourg"	8018429	4074962	0.5	3	28	71	0.1	3	1488	0.14		
"Slovenia"	7218670	-646309	0.4	2	29	55	0.2	10	2404	0.07		
"Saudi Arabia"	6576959	5278539	0.4	-3	-1	32	0.7	3	5816	0.07		
"Hong Kong, China"	6540246	4853003	0.4	-5	3	5	3.3	3	2841	0.22		
"Israel"	6308697	3496547	0.4	4	24	42	0.4	4	5483	0.07		
"Ukraine"	6289320	2642674	0.4	5	23	48	0.3	7	3255	0.06		
"Malaysia"	6108415	-5673610	0.4	0	15	25	1.1	3	5172	0.09		
"Thailand"	5774689	-2404937	0.4	-1	21	23	1.2	2	4905	0.09		
"Bulgaria"	5365423	-849978	0.3	4	29	57	0.2	6	2237	0.05		
"Lithuania"	5056870	1918856	0.3	6	28	59	0.2	7	1630	0.07		
"Egypt"	4907895	3756724	0.3	2	7	46	0.3	-1	5219	0.05		
"Croatia"	4669661	2359158	0.3	4	21	63	0.2	6	1362	0.07		
"Serbia"	4596599	1238861	0.3	10	30	65	0.2	9	2497	0.06		
"Viet Nam"	4408051	-8263864	0.3	-1	30	19	1.5	8	3535	0.19		
"Chile"	3205536	1884396	0.2	0	49	43	0.4	6	11582	0.13		
"Indonesia"	2965329	-1858634	0.2	-4	24	30	0.9	2	5872	0.11		
"Argentina"	2653876	1480471	0.2	-9	26	50	0.3	-5	10631	0.1		
"Estonia"	2624359	1650119	0.2	4	26	73	0.1	6	2314	0.06		
"Morocco"	2576634	821492	0.2	1	18	52	0.3	4	4316	0.07		
"Ship stores and bunkers"	2554946	2553923	0.2	-14	49	75	0.1	-11		0.16		
"Latvia"	2340779	1062107	0.1	1	31	77	0.1	7	1575	0.08		
"Philippines"	2185189	-2482349	0.1	-4	0	34	0.6	2	4354	0.09		
"Algeria"	2177647	1266608	0.1	-12	16	64	0.2	-8	4584	0.07		
"Colombia"	1911463	639079	0.1	-1	28	51	0.3	4	8915	0.13		
"New Zealand"	1872039	1112037	0.1	2	37	56	0.2	3	11141	0.09		
"Belarus"	1768659	834090	0.1	0	12	61	0.2	2	2268	0.23		
"Iran, Islamic Republic of"	1710699	1340086	0.1	-18	-3	72	0.1	-18	5612	0.13		
"Kazakhstan"	1691837	-2521354	0.1	3	2	58	0.2	6	3017	0.25		
"Tunisia"	1659379	-702585	0.1	-4	17	78	0.10	-1	3411	0.06		
"Qatar"	1570878	1093500	0.1	-8	-11	70	0.1	0	5745	0.06		
"Pakistan"	1567718	-973535	0.1	0	30	47	0.3	2	4850	0.11		
"Macedonia, North"	1473489	-2644516	0.1	3	24	103	0.05	8	1348	0.09		
"Kuwait"	1196192	1167315	0.1	-6	2	76	0.1	-3	5837	0.07		
"Nigeria"	1148626	-83967	0.1	2	13	53	0.2	17	7792	0.1		
"Bosnia and Herzegovina"	1128458	1891	0.1	1	26	94	0.06	3	2228	0.07		
"Iraq"	1054336	-45550	0.1	9	1	62	0.2	3	4107	0.18		
"Peru"	1029546	-573175	0.1	-1	19	54	0.2	3	10420	0.13		
"British Virgin Islands"	1024415	1008985	0.1	54	1236	156	0.01	8	7242	0.27		
"Bangladesh"	876386	-7536406	0.1	-4	45	49	0.3	6	4172	0.15		
"Cyprus"	791132	583847	0	4	-7	105	0.05	-1	3118	0.09		
"Malta"	753747	220407	0	-3	34	120	0.03	1	3249	0.08		
"Jordan"	738049	666635	0	-5	2	84	0.08	0	5167	0.07		
"Liberia"	726567	555470	0	35	124	87	0.07	17	11608	0.19		
"Oman"	726053	550430	0	-8	-13	83	0.08	-6	5977	0.08		
"Libya, State of"	683504	-2919252	0	17	71	89	0.07	12	3475	0.08		
"Uzbekistan"	676176	611522	0	-1	-2	74	0.1	16	3412	0.12		
"Iceland"	657851	-54224	0	-7	38	112	0.04	-1	4251	0.05		
"Ecuador"	631107	48289	0	2	38	69	0.1	3	9174	0.12		
"Bahrain"	629953	468176	0	8	8	101	0.05	1	6359	0.08		
"Lebanon"	614469	565896	0	-8	-31	97	0.06	-12	3592	0.06		
"Uruguay"	528418	277792	0	14	89	95	0.06	0	9836	0.11		
"Moldova, Republic of"	526190	213470	0	4	26	118	0.03	8	2317	0.08		
"Georgia"	447956	338879	0	1	25	113	0.04	-2	2513	0.09		
"Panama"	437416	149838	0	-2	8	60	0.2	1	8657	0.12		
"Ghana"	421075	84204	0	8	42	82	0.08	8	8888	0.18		
"Cayman Islands"	399802	399445	0	-20	52	123	0.03	5	7522	0.35		
"Côte d'Ivoire"	391149	-468551	0	11	43	93	0.06	9	6793	0.08		
"Albania"	363366	188343	0	3	24	121	0.03	6	1886	0.13		
"Azerbaijan"	359273	-463927	0	-4	-12	98	0.05	5	3712	0.09		
"Macao, China"	352169	338369	0	30	321	81	0.09	15		0.17		
"Dominican Republic"	334412	38735	0	2	29	67	0.1	5	6446	0.22		
"Guatemala"	302952	86195	0	-4	11	68	0.1	7	5828	0.15		
"Sri Lanka"	302645	-710789	0	-18	14	85	0.08	-3	4351	0.16		
"Kenya"	296746	94645	0	-7	-1	80	0.09	2	6680	0.08		
"Costa Rica"	288983	-513225	0	-1	30	86	0.08	3	6987	0.22		
"Senegal"	222542	193466	0	14	20	110	0.04	4	6632	0.05		
"Paraguay"	219734	155083	0	0	33	92	0.06	0	7311	0.15		
"Cambodia"	219614	-1625653	0	-4	30	66	0.1	16	2651	0.18		
"Turkmenistan"	211658	210202	0	-11	11	148	0.02	4	3495	0.15		
"Armenia"	209731	81085	0	3	-1	131	0.02	6	3323	0.15		
"Honduras"	207101	-235307	0	3	78	99	0.05	4	6104	0.16		
"Ethiopia"	180355	-56002	0	-14	-33	90	0.07	1	6305	0.11		
"Mongolia"	175532	162503	0	10	-2	125	0.03	8	3267	0.22		
"Angola"	175164	171788	0	-11	27	100	0.05	-11	7692	0.06		
"Tanzania, United Republic of"	166171	53458	0	-1	-7	102	0.05	7	6633	0.1		
"El Salvador"	161411	94939	0	-2	18	88	0.07	9	4914	0.15		
"Cameroon"	145826	48407	0	1	19	116	0.03	8	7279	0.14		
"Bolivia, Plurinational State of"	141891	-60664	0	-9	20	106	0.04	-3	7978	0.11		
"Uganda"	136950	-459	0	5	-10	132	0.02	11	5788	0.09		
"Guinea"	135735	23804	0	-1	6	135	0.02	7	9140	0.19		
"Cuba"	134201	77391	0	-18	-18	145	0.02	-13	7148	0.09		
"Montenegro"	131079	101287	0	-1	11	152	0.01	0	2382	0.08		
"Sudan"	130616	109858	0	-13	-28	122	0.03	-2		0.13		
"Congo, Democratic Republic of the"	120828	-21133	0	9	6	111	0.04	13	6479	0.14		
"Mauritius"	120273	68130	0	-5	-3	133	0.02	-2	7320	0.08		
"Trinidad and Tobago"	117911	36824	0	5	2	128	0.03	-1	6663	0.26		
"Palestine, State of"	115426	108173	0	2	22	176	0	8	3026	0.1		
"Burkina Faso"	115098	52396	0	2	40	136	0.02	5	6109	0.05		
"Yemen"	110594	8371	0	9	6	107	0.04	11	5706	0.11		
"Mali"	103794	96944	0	-5	-4	141	0.02	9	5008	0.1		
"Myanmar"	99513	-1015073	0	-5	-38	79	0.10	-1	2536	0.25		
"Marshall Islands"	95692	-996	0	-25	-91	91	0.06	-1	7455	0.18		
"Rwanda"	90802	69477	0	20	14	159	0.01	17	5437	0.08		
"Togo"	85026	76838	0	17	9	153	0.01	10	7318	0.08		
"Andorra"	73550	70875	0	9	79	166	0	2	610	0.52		
"Mauritania"	73513	-56204	0	-3	11	146	0.02	1	5817	0.07		
"Botswana"	71048	68234	0	-7	57	124	0.03	2	2968	0.52		
"Faroe Islands"	70903	51035	0	1	2	172	0	7	1404	0.27		
"Afghanistan"	67890	54871	0	-8	-14	147	0.02	-8	2990	0.12		
"Nicaragua"	66383	-46256	0	-2	21	104	0.05	4	5888	0.1		
"Namibia"	65171	-239551	0	-6	27	126	0.03	-1	3757	0.37		
"Mozambique"	61684	-130294	0	-6	-12	108	0.04	8	6196	0.1		
"Venezuela, Bolivarian Republic of"	59917	9483	0	-31	56	117	0.03	-11	8121	0.16		
"Congo"	58820	20673	0	0	17	154	0.01	-18	6851	0.07		
"Kyrgyzstan"	57498	36868	0	-8	26	127	0.03	1	2892	0.2		
"Benin"	56325	55156	0	8	34	149	0.01	-2	6481	0.07		
"Brunei Darussalam"	56186	54850	0	-6	-22	109	0.04	26	5185	0.11		
"Jamaica"	53940	20319	0	-13	-8	137	0.02	-2	6759	0.22		
"Zambia"	51467	-31492	0	-9	9	119	0.03	-9	5447	0.14		
"Syrian Arab Republic"	51054	30691	0	-14	-24	139	0.02	-3	2496	0.27		
"Haiti"	49492	46325	0	10	12	140	0.02	0	6340	0.18		
"Zimbabwe"	46008	6258	0	10	-6	134	0.02	7	3754	0.39		
"Nepal"	44300	11161	0	-28	40	96	0.06	8	1856	0.56		
"Madagascar"	43535	-178677	0	-3	13	138	0.02	2	7339	0.08		
"Gabon"	40446	-32951	0	-8	33	158	0.01	-2	7114	0.11		
"Maldives"	39973	14387	0	-11	50	151	0.01	-3	4478	0.08		
"New Caledonia"	39504	38337	0	-3	-12	155	0.01	-1	11471	0.2		
"Tajikistan"	38989	35580	0	-12	-6	142	0.02	9	2803	0.17		
"Gibraltar"	36653	27868	0	-34	71	114	0.03	-5	2572	0.09		
"Suriname"	35526	32749	0	10	33	173	0	1	9050	0.14		
"Lao People's Democratic Republic"	32201	-122932	0	4	-44	129	0.02	-1	2572	0.28		
"Niger"	31398	30121	0	32	-55	162	0	13	5715	0.09		
"Malawi"	28973	-73578	0	3	8	168	0	0	5169	0.15		
"Somalia"	27587	20518	0	15	-17	150	0.01	9	5305	0.16		
"Djibouti"	27082	25128	0	5	47	130	0.02	5	6387	0.22		
"French Polynesia"	26624	23783	0	-7	27	165	0	1	13300	0.24		
"Guyana"	24105	4530	0	16	69	144	0.02	13	11175	0.21		
"Bermuda"	22788	22135	0	12	72	169	0	-3	8006	0.28		
"Curaçao"	21287	20788	0	-16	13	163	0	-12		0.24		
"Equatorial Guinea"	20859	-12568	0	2	16	182	0	2	6008	0.11		
"Gambia"	19698	18973	0	13	9	167	0	7	8260	0.14		
"Sierra Leone"	18443	-59299	0	-10	22	170	0	10	8820	0.13		
"Bahamas"	17446	14035	0	-18	-45	115	0.03	-8	6248	0.19		
"Seychelles"	17147	8592	0	12	-80	187	0	-7	6627	0.06		
"Antigua and Barbuda"	16963	14506	0	-3	62	174	0	1	6334	0.27		
"Chad"	16865	-1047385	0	6	26	184	0	13	6931	0.16		
"Barbados"	14518	12116	0	-4	-17	161	0	0	4992	0.21		
"Papua New Guinea"	14017	-233254	0	-16	-25	143	0.02	-1	4973	0.17		
"United States Minor Outlying Islands"	13052	12257	0	14	94	177	0	0		0.21		
"Greenland"	12752	-27436	0	6	-2	180	0	6	3482	0.44		
"Burundi"	11357	-9014	0	-2	16	188	0	13	4755	0.14		
"Central African Republic"	10726	8884	0	-14	42	199	0	7	6606	0.08		
"Eswatini"	10064	4787	0	-1	14	160	0	1	1597	0.74		
"South Sudan"	9551	9401	0	22	3	194	0	12		0.25		
"Aruba"	9463	9392	0	-4	29	175	0	-3	4917	0.3		
"French Southern and Antarctic Territories"	8853	8370	0	15	-48	214	0	14		0.12		
"Belize"	7292	5221	0	9	76	179	0	1	5006	0.18		
"Cabo Verde"	6697	6420	0	-15	-24	181	0	4	5196	0.21		
"Fiji"	6104	-4690	0	-14	-36	157	0.01	-7	7384	0.12		
"Bhutan"	5939	4519	0	37	-27	178	0	15	1733	0.63		
"Sint Maarten (Dutch part)"	5819	5445	0	-1	74	213	0	-7		0.43		
"Eritrea"	4774	4445	0	-22	-28	203	0	-8	6303	0.14		
"Lesotho"	4322	-101	0	21	55	164	0	-2	1590	0.78		
"Saint Lucia"	4208	4106	0	-7	20	171	0	-10	5321	0.23		
"Guinea-Bissau"	4071	3993	0	-5	25	195	0	2	5802	0.16		
"Tokelau"	3281	3154	0	-11	567	226	0	-33	11566	0.22		
"Samoa"	3150	2990	0	11	1089	197	0	-1	6816	0.13		
"Grenada"	3091	836	0	-9	-30	191	0	-1	4157	0.2		
"Saint Vincent and the Grenadines"	2859	2636	0	9	-2	196	0	3	6798	0.14		
"Timor-Leste"	2784	2334	0	7	781	183	0	12	3988	0.22		
"Cook Islands"	2735	2682	0	6	675	206	0	-4	9417	0.22		
"Turks and Caicos Islands"	1786	1713	0	14	7	193	0	-3	3491	0.74		
"Dominica"	1314	1015	0	-9	49	185	0	8	4908	0.65		
"Saint Kitts and Nevis"	1142	-692	0	-51	-81	201	0	-12	5440	0.41		
"Comoros"	871	-2548	0	-10	-49	192	0	18	5731	0.22		
"Solomon Islands"	832	-769	0	9	247	190	0	0	6301	0.17		
"Northern Mariana Islands"	747	705	0	26	-80	216	0	-19	3811	0.2		
"Sao Tome and Principe"	648	449	0	25	0	210	0	-3	6155	0.31		
"Vanuatu"	591	543	0	-19	39	198	0	-2	6248	0.13		
"Palau"	495	485	0	61	296	209	0	1	6232	0.16		
"Kiribati"	407	407	0	64	654	205	0	10	5936	0.13		
"Anguilla"	360	352	0	2	-74	212	0	-5	4397	0.58		
"Saint Pierre and Miquelon"	240	240	0	-11	-19	215	0	10	3489	0.45		
"Micronesia, Federated States of"	200	150	0	11	60	208	0	-8	7109	0.19		
"Falkland Islands (Malvinas)"	200	-5044	0	-7	245	207	0	2	12325	0.46		
"Wallis and Futuna Islands"	172	170	0	5	10	218	0	7	10103	0.24		
"Saint Helena"	156	-900	0	44	-40	217	0	6	7699	0.31		
"Montserrat"	139	109	0	38	-70	224	0	-7		0.49		
"Tuvalu"	129	129	0		33	204	0	17	6386	0.21		
"Tonga"	106	87	0	-1	-59	202	0	4	5771	0.16		
"Western Sahara"	87	85	0	-1	480	221	0	-16	12469	0.9		
"British Indian Ocean Territory"	60	60	0		33	219	0	-9		0.67		
"Norfolk Island"	60	12	0	-18	54	222	0	1	5454	0.24		
"Nauru"	55	45	0	17		211	0	18	6014	0.27		
"Niue"	25	-962	0	115	-19	223	0	7	11410	0.48		
"Pitcairn"	3	-66	0	-18		227	0	-5		0.23		
"Korea, Democratic People's Republic of"		-1				200	0	-49	1470	0.87		
"Cocos (Keeling) Islands"		-109				225	0	8		0.74		
"Free Zones"						186	0	-34		0.92		
"Bonaire, Sint Eustatius and Saba"						189	0	20		0.19		
"Christmas Island"						220	0	3		0.69		
"West Asia not elsewhere specified"						228	0			1		
"British Antarctic Territory"						229	0			1		
