Importers	Select your indicators-Value exported in 2021 (USD thousand)	Select your indicators-Trade balance 2021 (USD thousand)	Select your indicators-Share in Netherlands's exports (%)	Select your indicators-Growth in exported value between 2017-2021 (%, p.a.)	Select your indicators-Growth in exported value between 2020-2021 (%, p.a.)	Select your indicators-Ranking of partner countries in world imports	Select your indicators-Share of partner countries in world imports (%)	Select your indicators-Total imports growth in value of partner countries between 2017-2021 (%, p.a.)	Select your indicators-Average distance between partner countries and all their supplying markets (km)	Select your indicators-Concentration of all supplying countries of partner countries	Select your indicators-Average tariff (estimated) faced by Netherlands (%)	
"World"	691826642	71036845	100	5	25		100	3				
"Germany"	157394272	50059370	22.8	5	29	3	6.5	3	3376	0.05		
"Belgium"	74541327	13173008	10.8	6	32	12	2.4	3	2709	0.08		
"France"	55959434	34234759	8.1	5	32	6	3.2	1	3195	0.06		
"Area Nes"	47353850	13659730	6.8	65	1286							
"United States of America"	33020914	-14352805	4.8	8	19	1	13.4	3	7938	0.08		
"Italy"	29905940	12748312	4.3	6	36	11	2.5	2	2891	0.06		
"Spain"	21755876	9205875	3.1	6	32	15	1.9	3	3890	0.05		
"Poland"	21595932	8655283	3.1	11	33	18	1.5	8	3121	0.08		
"China"	16525854	-46566825	2.4	7	2	2	11.1	5	6416	0.04		
"Sweden"	14159010	4494488	2	4	34	31	0.9	3	2128	0.07		
"Taipei, Chinese"	11505023	4414217	1.7	28	57	17	1.7	8	5007	0.1		
"Czech Republic"	10610087	4017336	1.5	6	17	28	1	4	2987	0.1		
"Switzerland"	10182823	5109357	1.5	11	16	20	1.5	4	3384	0.07		
"Korea, Republic of"	10060043	3962119	1.5	9	35	9	2.8	4	5699	0.09		
"Denmark"	9384148	3089182	1.4	7	26	35	0.6	5	2182	0.08		
"Austria"	8694737	4689510	1.3	5	33	27	1	3	1514	0.18		
"Russian Federation"	7778776	-13840601	1.1	6	13	21	1.3	5	4187	0.09		
"Turkey"	7360713	2126440	1.1	2	13	22	1.2	3	4285	0.05		
"Ireland"	7232433	-4658217	1	13	31	36	0.5	4	3265	0.1		
"Finland"	6535674	1091794	0.9	4	31	44	0.4	3	2842	0.07		
"Norway"	5971506	-12267390	0.9	4	11	39	0.5	3	3470	0.06		
"Ship stores and bunkers"	5783584	5767665	0.8	0	57	75	0.1	-11		0.16		
"Hungary"	5346046	1175199	0.8	5	26	33	0.6	6	2180	0.09		
"Japan"	5072678	-4508339	0.7	4	-7	4	3.5	1	6256	0.09		
"Portugal"	4607300	1770081	0.7	7	34	40	0.4	2	2788	0.14		
"Nigeria"	4393144	1331997	0.6	8	-1	53	0.2	17	7792	0.1		
"Canada"	4349935	1406046	0.6	0	17	14	2.2	1	5042	0.26		
"Australia"	3980325	1888930	0.6	6	14	24	1.1	1	10262	0.1		
"Romania"	3726593	1532719	0.5	5	23	37	0.5	6	1891	0.07		
"Singapore"	3673175	-1313711	0.5	-16	19	16	1.9	3	5773	0.07		
"Saudi Arabia"	3651981	508806	0.5	5	1	32	0.7	3	5816	0.07		
"Brazil"	3474195	-2881306	0.5	3	40	26	1	6	10879	0.09		
"Cayman Islands"	3411429	1494845	0.5	44	71	123	0.03	5	7522	0.35		
"United Arab Emirates"	3218246	1799609	0.5	-2	11	29	0.9	-2	5715	0.08		
"Greece"	3208771	2205095	0.5	5	14	45	0.3	4	2847	0.05		
"Mexico"	3132646	1308869	0.5	2	28	13	2.3	2	7039	0.24		
"India"	2831785	-2266491	0.4	2	38	10	2.6	2	5793	0.05		
"South Africa"	2643539	611209	0.4	3	39	41	0.4	-1	9230	0.07		
"Egypt"	2545291	1882937	0.4	14	48	46	0.3	-1	5219	0.05		
"Israel"	2538472	849142	0.4	-1	13	42	0.4	4	5483	0.07		
"Hong Kong, China"	2229397	-4221096	0.3	-2	-4	5	3.3	3	2841	0.22		
"Slovakia"	2101386	575777	0.3	4	18	38	0.5	4	2664	0.07		
"Bulgaria"	1901651	935025	0.3	11	51	57	0.2	6	2237	0.05		
"Luxembourg"	1893770	511798	0.3	9	26	71	0.1	3	1488	0.14		
"Lithuania"	1863784	-265609	0.3	10	38	59	0.2	7	1630	0.07		
"Europe Othr. Nes"	1814096	636186	0.3	55	521							
"Serbia"	1472831	544639	0.2	24	96	65	0.2	9	2497	0.06		
"Morocco"	1464867	708682	0.2	5	35	52	0.3	4	4316	0.07		
"Ukraine"	1462780	-1031596	0.2	9	17	48	0.3	7	3255	0.06		
"Slovenia"	1322549	423975	0.2	7	26	55	0.2	10	2404	0.07		
"Estonia"	1262982	673779	0.2	4	23	73	0.1	6	2314	0.06		
"Togo"	1228543	1203563	0.2	-1	-14	153	0.01	10	7318	0.08		
"Thailand"	1223203	-3118431	0.2	-2	12	23	1.2	2	4905	0.09		
"Malaysia"	1188347	-6939371	0.2	-6	-1	25	1.1	3	5172	0.09		
"Argentina"	1173871	-1352725	0.2	1	82	50	0.3	-5	10631	0.1		
"Viet Nam"	1121071	-6057061	0.2	2	3	19	1.5	8	3535	0.19		
"Croatia"	1103335	742274	0.2	10	18	63	0.2	6	1362	0.07		
"Indonesia"	1044064	-2704049	0.2	-1	32	30	0.9	2	5872	0.11		
"Ghana"	1043693	253377	0.2	8	19	82	0.08	8	8888	0.18		
"Latvia"	991271	51362	0.1	10	34	77	0.1	7	1575	0.08		
"Senegal"	986258	927773	0.1	13	62	110	0.04	4	6632	0.05		
"Iceland"	885268	-1155408	0.1	2	21	112	0.04	-1	4251	0.05		
"Chile"	871863	-503964	0.1	2	36	43	0.4	6	11582	0.13		
"New Zealand"	801148	283823	0.1	7	27	56	0.2	3	11141	0.09		
"Pakistan"	779952	-63930	0.1	-10	49	47	0.3	2	4850	0.11		
"Cyprus"	771939	642734	0.1	14	45	105	0.05	-1	3118	0.09		
"Philippines"	769541	-1404956	0.1	6	28	34	0.6	2	4354	0.09		
"Colombia"	737527	-352319	0.1	5	71	51	0.3	4	8915	0.13		
"Qatar"	728576	234425	0.1	6	14	70	0.1	0	5745	0.06		
"Kenya"	678639	24508	0.1	19	31	80	0.09	2	6680	0.08		
"Kuwait"	650360	378009	0.1	0	6	76	0.1	-3	5837	0.07		
"Iraq"	588937	89447	0.1	2	30	62	0.2	3	4107	0.18		
"Gibraltar"	582395	548208	0.1	-10	-33	114	0.03	-5	2572	0.09		
"Malta"	571746	481687	0.1	10	34	120	0.03	1	3249	0.08		
"Algeria"	570054	-1123650	0.1	-11	-2	64	0.2	-8	4584	0.07		
"Libya, State of"	532885	-1218136	0.1	25	-8	89	0.07	12	3475	0.08		
"Iran, Islamic Republic of"	512442	494059	0.1	-22	29	72	0.1	-18	5612	0.13		
"Kazakhstan"	470581	-23226	0.1	7	-26	58	0.2	6	3017	0.25		
"Angola"	468058	168019	0.1	23	170	100	0.05	-11	7692	0.06		
"Jordan"	433717	361981	0.1	-5	5	84	0.08	0	5167	0.07		
"Bangladesh"	415813	-1280016	0.1	1	57	49	0.3	6	4172	0.15		
"Tunisia"	353793	44512	0.1	-1	23	78	0.10	-1	3411	0.06		
"Côte d'Ivoire"	350160	-1075620	0.1	1	-8	93	0.06	9	6793	0.08		
"Peru"	340432	-1564716	0	-4	18	54	0.2	3	10420	0.13		
"Oman"	295047	173942	0	-17	-26	83	0.08	-6	5977	0.08		
"Lebanon"	274857	208242	0	-8	-36	97	0.06	-12	3592	0.06		
"Belarus"	269358	-53679	0	-1	-5	61	0.2	2	2268	0.23		
"Marshall Islands"	265049	221948	0	25	10	91	0.06	-1	7455	0.18		
"Curaçao"	252463	208982	0	-3	2	163	0	-12		0.24		
"Suriname"	249956	217680	0	5	17	173	0	1	9050	0.14		
"Dominican Republic"	244956	-103987	0	10	14	67	0.1	5	6446	0.22		
"Cameroon"	230350	-539055	0	11	32	116	0.03	8	7279	0.14		
"Bosnia and Herzegovina"	224745	78848	0	3	10	94	0.06	3	2228	0.07		
"Bahrain"	214455	80746	0	2	9	101	0.05	1	6359	0.08		
"Panama"	206749	23283	0	1	31	60	0.2	1	8657	0.12		
"Ecuador"	195321	-432853	0	-26	8	69	0.1	3	9174	0.12		
"Paraguay"	167807	116985	0	27	23	92	0.06	0	7311	0.15		
"Uzbekistan"	163312	151054	0	6	10	74	0.1	16	3412	0.12		
"Tanzania, United Republic of"	161939	85385	0	15	-5	102	0.05	7	6633	0.1		
"Cuba"	160648	115539	0	-3	2	145	0.02	-13	7148	0.09		
"Georgia"	155062	107787	0	4	19	113	0.04	-2	2513	0.09		
"Macedonia, North"	153280	30529	0	4	24	103	0.05	8	1348	0.09		
"Aruba"	153047	142471	0	3	23	175	0	-3	4917	0.3		
"Sri Lanka"	147425	-220793	0	3	57	85	0.08	-3	4351	0.16		
"Mali"	145431	139171	0	-1	5	141	0.02	9	5008	0.1		
"Uganda"	141372	44307	0	20	30	132	0.02	11	5788	0.09		
"Costa Rica"	138573	-2694672	0	5	-16	86	0.08	3	6987	0.22		
"Faroe Islands"	137751	102854	0	48	73	172	0	7	1404	0.27		
"Congo, Democratic Republic of the"	129652	76328	0	-14	9	111	0.04	13	6479	0.14		
"Guatemala"	129493	-285784	0	13	33	68	0.1	7	5828	0.15		
"Uruguay"	128418	-464206	0	-4	18	95	0.06	0	9836	0.11		
"Guinea"	127336	82113	0	-26	-41	135	0.02	7	9140	0.19		
"Moldova, Republic of"	125829	94220	0	10	17	118	0.03	8	2317	0.08		
"Azerbaijan"	118019	103306	0	-7	-34	98	0.05	5	3712	0.09		
"Ethiopia"	109962	-30965	0	-9	-62	90	0.07	1	6305	0.11		
"Jamaica"	109942	81446	0	18	10	137	0.02	-2	6759	0.22		
"Bonaire, Sint Eustatius and Saba"	107254	104608	0	11	19	189	0	20		0.19		
"Mauritania"	106081	103274	0	1	31	146	0.02	1	5817	0.07		
"Burkina Faso"	102390	80984	0	10	8	136	0.02	5	6109	0.05		
"Albania"	100316	82066	0	10	12	121	0.03	6	1886	0.13		
"Yemen"	89311	82441	0	17	-4	107	0.04	11	5706	0.11		
"Mozambique"	86523	-226286	0	6	64	108	0.04	8	6196	0.1		
"Bahamas"	83951	43333	0	-23	101	115	0.03	-8	6248	0.19		
"Benin"	81979	77776	0	-2	-19	149	0.01	-2	6481	0.07		
"Saint Vincent and the Grenadines"	80172	25362	0	104	2713	196	0	3	6798	0.14		
"Honduras"	79038	-286492	0	10	102	99	0.05	4	6104	0.16		
"Sudan"	78798	71737	0	-3	-18	122	0.03	-2		0.13		
"Gabon"	74027	-176744	0	-5	-14	158	0.01	-2	7114	0.11		
"Congo"	73616	61946	0	2	14	154	0.01	-18	6851	0.07		
"Zambia"	71177	58787	0	7	6	119	0.03	-9	5447	0.14		
"Cabo Verde"	69576	69259	0	14	6	181	0	4	5196	0.21		
"Mongolia"	64797	62724	0	26	48	125	0.03	8	3267	0.22		
"Guyana"	63273	-58117	0	15	30	144	0.02	13	11175	0.21		
"Turkmenistan"	60070	59596	0	-8	65	148	0.02	4	3495	0.15		
"Sierra Leone"	59648	16607	0	4	-13	170	0	10	8820	0.13		
"Trinidad and Tobago"	59408	-208243	0	1	-35	128	0.03	-1	6663	0.26		
"Mauritius"	59095	2404	0	3	11	133	0.02	-2	7320	0.08		
"Armenia"	58125	50514	0	-4	23	131	0.02	6	3323	0.15		
"Sint Maarten (Dutch part)"	58116	57736	0	-4	17	213	0	-7		0.43		
"Liberia"	56106	30978	0	0	43	87	0.07	17	11608	0.19		
"El Salvador"	55499	36214	0	16	16	88	0.07	9	4914	0.15		
"Gambia"	55255	53605	0	0	10	167	0	7	8260	0.14		
"Bolivia, Plurinational State of"	53218	-24348	0	-11	22	106	0.04	-3	7978	0.11		
"Nicaragua"	47754	-5696	0	13	92	104	0.05	4	5888	0.1		
"Rwanda"	47043	37487	0	9	104	159	0.01	17	5437	0.08		
"Montenegro"	44224	24007	0	-4	-24	152	0.01	0	2382	0.08		
"Haiti"	43886	40636	0	-5	16	140	0.02	0	6340	0.18		
"Cambodia"	43652	-354311	0	4	24	66	0.1	16	2651	0.18		
"Syrian Arab Republic"	43605	35234	0	-9	-24	139	0.02	-3	2496	0.27		
"Macao, China"	42427	18900	0	-29	76	81	0.09	15		0.17		
"Palestine, State of"	42163	34279	0	11	35	176	0	8	3026	0.1		
"Brunei Darussalam"	37925	32462	0	-7	26	109	0.04	26	5185	0.11		
"Niger"	37407	37240	0	4	9	162	0	13	5715	0.09		
"Myanmar"	35972	-229680	0	5	-47	79	0.10	-1	2536	0.25		
"Equatorial Guinea"	35971	-176781	0	-1	-21	182	0	2	6008	0.11		
"Afghanistan"	34352	31374	0	-2	-1	147	0.02	-8	2990	0.12		
"Zimbabwe"	34216	-4255	0	8	90	134	0.02	7	3754	0.39		
"Venezuela, Bolivarian Republic of"	33692	-150439	0	-23	15	117	0.03	-11	8121	0.16		
"Madagascar"	32609	-72469	0	-14	29	138	0.02	2	7339	0.08		
"French Polynesia"	31696	24922	0	17	2	165	0	1	13300	0.24		
"Namibia"	31589	-168330	0	7	10	126	0.03	-1	3757	0.37		
"Nepal"	31115	25880	0	1	55	96	0.06	8	1856	0.56		
"Chad"	28071	-124069	0	30	-50	184	0	13	6931	0.16		
"Djibouti"	27401	24751	0	-1	10	130	0.02	5	6387	0.22		
"British Virgin Islands"	27010	26538	0	36	31	156	0.01	8	7242	0.27		
"Guinea-Bissau"	23963	23785	0	1	21	195	0	2	5802	0.16		
"Barbados"	23341	18913	0	7	68	161	0	0	4992	0.21		
"Maldives"	22096	18374	0	6	33	151	0.01	-3	4478	0.08		
"Somalia"	21732	18532	0	19	-14	150	0.01	9	5305	0.16		
"Kyrgyzstan"	21656	21232	0	-5	13	127	0.03	1	2892	0.2		
"Africa not elsewhere specified"	20350	20295	0	-16	-8							
"Malawi"	20125	7685	0	-2	-30	168	0	0	5169	0.15		
"South Sudan"	19392	19392	0	6	54	194	0	12		0.25		
"Central African Republic"	19237	19217	0	12	18	199	0	7	6606	0.08		
"Andorra"	18892	14873	0	1	23	166	0	2	610	0.52		
"Seychelles"	17402	-7037	0	-4	6	187	0	-7	6627	0.06		
"New Caledonia"	16822	16567	0	-3	21	155	0.01	-1	11471	0.2		
"Papua New Guinea"	16114	-448776	0	7	23	143	0.02	-1	4973	0.17		
"Burundi"	13261	13139	0	-5	86	188	0	13	4755	0.14		
"Tajikistan"	12264	12212	0	13	-6	142	0.02	9	2803	0.17		
"Antigua and Barbuda"	10860	10698	0	13	7	174	0	1	6334	0.27		
"Fiji"	10732	8149	0	-4	161	157	0.01	-7	7384	0.12		
"Lao People's Democratic Republic"	10077	-13172	0	24	50	129	0.02	-1	2572	0.28		
"Botswana"	9956	9247	0	-2	42	124	0.03	2	2968	0.52		
"Belize"	9020	5407	0	8	21	179	0	1	5006	0.18		
"Saint Lucia"	7437	7406	0	-5	-15	171	0	-10	5321	0.23		
"Greenland"	6584	5063	0	-4	-36	180	0	6	3482	0.44		
"Grenada"	6056	4944	0	-3	15	191	0	-1	4157	0.2		
"Timor-Leste"	5542	5466	0	0	194	183	0	12	3988	0.22		
"Eswatini"	5353	-3461	0	15	23	160	0	1	1597	0.74		
"Samoa"	5197	3029	0	41	440	197	0	-1	6816	0.13		
"Bermuda"	5154	-95479	0	7	-98	169	0	-3	8006	0.28		
"Comoros"	4565	3265	0	6	17	192	0	18	5731	0.22		
"Eritrea"	4186	4185	0	7	-23	203	0	-8	6303	0.14		
"United States Minor Outlying Islands"	4178	3970	0	0	-2	177	0	0		0.21		
"Dominica"	3975	3945	0	-5	60	185	0	8	4908	0.65		
"Sao Tome and Principe"	3315	-968	0	12	-27	210	0	-3	6155	0.31		
"French Southern and Antarctic Territories"	2890	2877	0	21	-10	214	0	14		0.12		
"Bhutan"	2632	2614	0	27	82	178	0	15	1733	0.63		
"Lesotho"	2279	1093	0	25	40	164	0	-2	1590	0.78		
"Turks and Caicos Islands"	1917	1909	0	5	56	193	0	-3	3491	0.74		
"Anguilla"	1844	1715	0	28	-33	212	0	-5	4397	0.58		
"Saint Pierre and Miquelon"	1631	1416	0	-5	16	215	0	10	3489	0.45		
"Saint Kitts and Nevis"	1393	1379	0	6	-18	201	0	-12	5440	0.41		
"Solomon Islands"	1283	-21199	0	4	-35	190	0	0	6301	0.17		
"Falkland Islands (Malvinas)"	1262	1078	0	-28	20	207	0	2	12325	0.46		
"Kiribati"	939	919	0	54	410	205	0	10	5936	0.13		
"Wallis and Futuna Islands"	879	879	0	-2	-32	218	0	7	10103	0.24		
"Cook Islands"	695	695	0	13	104	206	0	-4	9417	0.22		
"Vanuatu"	623	552	0	7	71	198	0	-2	6248	0.13		
"Korea, Democratic People's Republic of"	447	-3025	0	-25	66	200	0	-49	1470	0.87		
"Tonga"	380	365	0	33	103	202	0	4	5771	0.16		
"Palau"	243	243	0	-3	224	209	0	1	6232	0.16		
"Northern Mariana Islands"	219	218	0	-23	18	216	0	-19	3811	0.2		
"Montserrat"	199	154	0	-16	24	224	0	-7		0.49		
"Micronesia, Federated States of"	153	153	0	-7	26	208	0	-8	7109	0.19		
"British Indian Ocean Territory"	143	143	0	-14	-39	219	0	-9		0.67		
"Saint Helena"	135	104	0	36	366	217	0	6	7699	0.31		
"Nauru"	133	-90	0		2560	211	0	18	6014	0.27		
"Western Sahara"	120	120	0	8	2900	221	0	-16	12469	0.9		
"Tuvalu"	39	32	0	-16	290	204	0	17	6386	0.21		
"Tokelau"	21	-38	0	-60	950	226	0	-33	11566	0.22		
"Pitcairn"	13	13	0	-42	117	227	0	-5		0.23		
"Christmas Island"	9	2	0			220	0	3		0.69		
"Norfolk Island"		-39				222	0	1	5454	0.24		
"Cocos (Keeling) Islands"		-93				225	0	8		0.74		
"United Kingdom"						7	3.2	1	3930	0.06		
"Free Zones"						186	0	-34		0.92		
"Niue"						223	0	7	11410	0.48		
"West Asia not elsewhere specified"						228	0			1		
"British Antarctic Territory"						229	0			1		
