Importers	Select your indicators-Value exported in 2021 (USD thousand)	Select your indicators-Trade balance 2021 (USD thousand)	Select your indicators-Share in Russian Federation's exports (%)	Select your indicators-Growth in exported value between 2017-2021 (%, p.a.)	Select your indicators-Growth in exported value between 2020-2021 (%, p.a.)	Select your indicators-Ranking of partner countries in world imports	Select your indicators-Share of partner countries in world imports (%)	Select your indicators-Total imports growth in value of partner countries between 2017-2021 (%, p.a.)	Select your indicators-Average distance between partner countries and all their supplying markets (km)	Select your indicators-Concentration of all supplying countries of partner countries	Select your indicators-Average tariff (estimated) faced by Russian Federation (%)	
"World"	492314339	198812667	100	4	46		100	3				
"China"	68679248	-4014051	14	11	40	2	11.1	5	6416	0.04		
"Netherlands"	42145025	37860761	8.6	-2	70	8	2.8	5	3706	0.07		
"Germany"	29645676	2294121	6	-3	59	3	6.5	3	3376	0.05		
"Turkey"	26426295	19911786	5.4	5	66	22	1.2	3	4285	0.05		
"Belarus"	23130752	7495219	4.7	1	45	61	0.2	2	2268	0.23		
"United Kingdom"	22274620	17807752	4.5	31	-4	7	3.2	1	3930	0.06		
"Italy"	19285527	7240762	3.9	2	91	11	2.5	2	2891	0.06		
"Kazakhstan"	18493830	11361483	3.8	9	32	58	0.2	6	3017	0.25		
"United States of America"	17747414	482023	3.6	9	62	1	13.4	3	7938	0.08		
"Korea, Republic of"	16894810	3907888	3.4	3	36	9	2.8	4	5699	0.09		
"Poland"	16722434	10913830	3.4	2	75	18	1.5	8	3121	0.08		
"Japan"	10726012	1598718	2.2	-3	18	4	3.5	1	6256	0.09		
"France"	9910302	-2301162	2	6	108	6	3.2	1	3195	0.06		
"Finland"	9655806	6090260	2	-2	36	44	0.4	3	2842	0.07		
"India"	9128108	4700398	1.9	4	57	10	2.6	2	5793	0.05		
"Belgium"	8671672	6148621	1.8	0	51	12	2.4	3	2709	0.08		
"Ukraine"	8128983	3973651	1.7	-4	29	48	0.3	7	3255	0.06		
"Brazil"	5261220	3038388	1.1	18	164	26	1	6	10879	0.09		
"Uzbekistan"	5203921	3498475	1.1	19	12	74	0.1	16	3412	0.12		
"Slovakia"	5101155	3151373	1	7	68	38	0.5	4	2664	0.07		
"United Arab Emirates"	5081599	4805292	1	37	75	29	0.9	-2	5715	0.08		
"Lithuania"	4577372	3922155	0.9	4	91	59	0.2	7	1630	0.07		
"Latvia"	4295657	3799005	0.9	-6	33	77	0.1	7	1575	0.08		
"Greece"	4194873	3896178	0.9	-1	70	45	0.3	4	2847	0.05		
"Egypt"	4177312	3585356	0.8	-13	4	46	0.3	-1	5219	0.05		
"Estonia"	4131260	3657422	0.8	18	59	73	0.1	6	2314	0.06		
"Czech Republic"	4016632	394514	0.8	-6	65	28	1	4	2987	0.1		
"Spain"	3844114	338029	0.8	8	130	15	1.9	3	3890	0.05		
"Hungary"	3719449	1451288	0.8	-3	40	33	0.6	6	2180	0.09		
"Taipei, Chinese"	3517715	1125410	0.7	-3	14	17	1.7	8	5007	0.1		
"Mexico"	3402926	2022560	0.7	11	199	13	2.3	2	7039	0.24		
"Romania"	3343097	1752761	0.7	4	61	37	0.5	6	1891	0.07		
"Austria"	3228871	571282	0.7	4	95	27	1	3	1514	0.18		
"Iran, Islamic Republic of"	3068188	2095842	0.6	20	116	72	0.1	-18	5612	0.13		
"Algeria"	2989447	2971180	0.6	-13	1	64	0.2	-8	4584	0.07		
"Denmark"	2984394	1733288	0.6	-8	75	35	0.6	5	2182	0.08		
"Switzerland"	2821568	-573863	0.6	-11	-2	20	1.5	4	3384	0.07		
"Bulgaria"	2669627	2099142	0.5	-5	35	57	0.2	6	2237	0.05		
"Malta"	2359787	2334627	0.5	-8	4	120	0.03	1	3249	0.08		
"Azerbaijan"	2323836	1291851	0.5	6	12	98	0.05	5	3712	0.09		
"Viet Nam"	2238516	-2654808	0.5	-1	38	19	1.5	8	3535	0.19		
"Kyrgyzstan"	2156019	1807920	0.4	8	48	127	0.03	1	2892	0.2		
"Saudi Arabia"	1916509	1581146	0.4	28	31	32	0.7	3	5816	0.07		
"Armenia"	1892697	1181136	0.4	11	14	131	0.02	6	3323	0.15		
"Mongolia"	1817468	1774382	0.4	5	31	125	0.03	8	3267	0.22		
"Norway"	1814792	911648	0.4	18	67	39	0.5	3	3470	0.06		
"Moldova, Republic of"	1755127	1339227	0.4	13	84	118	0.03	8	2317	0.08		
"Israel"	1736220	889267	0.4	-3	30	42	0.4	4	5483	0.07		
"Bangladesh"	1721244	447981	0.3	27	13	49	0.3	6	4172	0.15		
"Singapore"	1670154	1068819	0.3	-20	45	16	1.9	3	5773	0.07		
"Hong Kong, China"	1615976	1064078	0.3	26	-17	5	3.3	3	2841	0.22		
"Malaysia"	1429731	-392726	0.3	18	36	25	1.1	3	5172	0.09		
"Serbia"	1284844	227501	0.3	6	36	65	0.2	9	2497	0.06		
"Georgia"	1257626	597345	0.3	4	21	113	0.04	-2	2513	0.09		
"Senegal"	1221345	1217787	0.2	35	156	110	0.04	4	6632	0.05		
"Morocco"	1213928	778347	0.2	4	59	52	0.3	4	4316	0.07		
"Tajikistan"	1114247	1015146	0.2	9	40	142	0.02	9	2803	0.17		
"Sweden"	1071599	-1419214	0.2	-20	3	31	0.9	3	2128	0.07		
"Nigeria"	883389	846048	0.2	12	109	53	0.2	17	7792	0.1		
"Croatia"	866757	606861	0.2	-3	11	63	0.2	6	1362	0.07		
"Canada"	737710	-190356	0.1	-3	131	14	2.2	1	5042	0.26		
"Turkmenistan"	725003	584398	0.1	26	12	148	0.02	4	3495	0.15		
"Indonesia"	680976	-1944304	0.1	-7	21	30	0.9	2	5872	0.11		
"Portugal"	603774	-32482	0.1	-21	188	40	0.4	2	2788	0.14		
"Kuwait"	595870	595533	0.1	-2	-20	76	0.1	-3	5837	0.07		
"Syrian Arab Republic"	594438	581990	0.1	8	226	139	0.02	-3	2496	0.27		
"Philippines"	531844	19815	0.1	17	1	34	0.6	2	4354	0.09		
"Lebanon"	520080	497445	0.1	-7	65	97	0.06	-12	3592	0.06		
"Thailand"	494185	-1293705	0.1	-8	40	23	1.2	2	4905	0.09		
"Ireland"	464580	-1635984	0.1	-6	85	36	0.5	4	3265	0.1		
"Ecuador"	460373	-999571	0.1	10	114	69	0.1	3	9174	0.12		
"Area Nes"	438904	107341	0.1	52	1							
"Uganda"	407745	383833	0.1	68	52	132	0.02	11	5788	0.09		
"Bahamas"	394207	394205	0.1	181	144	115	0.03	-8	6248	0.19		
"Argentina"	370011	-642299	0.1	-3	292	50	0.3	-5	10631	0.1		
"Peru"	368262	123666	0.1	2	83	54	0.2	3	10420	0.13		
"Pakistan"	343429	-10086	0.1	7	-31	47	0.3	2	4850	0.11		
"South Africa"	342222	-454655	0.1	11	19	41	0.4	-1	9230	0.07		
"Slovenia"	339039	-647071	0.1	6	-23	55	0.2	10	2404	0.07		
"Colombia"	336602	134203	0.1	-14	238	51	0.3	4	8915	0.13		
"Tunisia"	333025	187102	0.1	-8	-11	78	0.10	-1	3411	0.06		
"Libya, State of"	331969	331968	0.1	12	174	89	0.07	12	3475	0.08		
"Cameroon"	309652	305273	0.1	40	152	116	0.03	8	7279	0.14		
"Sudan"	306298	306026	0.1	-10	-18	122	0.03	-2		0.13		
"Togo"	287603	286643	0.1	44	2	153	0.01	10	7318	0.08		
"Saint Lucia"	285020	284786	0.1	14		171	0	-10	5321	0.23		
"Myanmar"	284333	137029	0.1	9	26	79	0.10	-1	2536	0.25		
"Iraq"	282681	282632	0.1	-39	122	62	0.2	3	4107	0.18		
"Jordan"	247927	179994	0.1	2	14	84	0.08	0	5167	0.07		
"Australia"	236370	-502362	0	13	92	24	1.1	1	10262	0.1		
"Yemen"	234383	234226	0	-7	-2	107	0.04	11	5706	0.11		
"Cyprus"	230658	188507	0	-15	-12	105	0.05	-1	3118	0.09		
"Kenya"	221112	80385	0	3	-6	80	0.09	2	6680	0.08		
"Gibraltar"	196158	196137	0	-7	-67	114	0.03	-5	2572	0.09		
"Ethiopia"	194694	164151	0	12	633	90	0.07	1	6305	0.11		
"Guatemala"	182921	143232	0	29	173	68	0.1	7	5828	0.15		
"Oman"	168176	165150	0	12	-20	83	0.08	-6	5977	0.08		
"Ghana"	166391	85831	0	5	39	82	0.08	8	8888	0.18		
"Rwanda"	162167	156873	0	44	764	159	0.01	17	5437	0.08		
"Tanzania, United Republic of"	158410	122239	0	1	-11	102	0.05	7	6633	0.1		
"Venezuela, Bolivarian Republic of"	146601	144811	0	19	48	117	0.03	-11	8121	0.16		
"Nicaragua"	145357	129241	0	37	232	104	0.05	4	5888	0.1		
"Honduras"	143102	122595	0	50	153	99	0.05	4	6104	0.16		
"Albania"	132543	115679	0	13	2	121	0.03	6	1886	0.13		
"Cuba"	130800	116029	0	-22	-2	145	0.02	-13	7148	0.09		
"Côte d'Ivoire"	129387	-128068	0	21	110	93	0.06	9	6793	0.08		
"Qatar"	124183	72726	0	25	94	70	0.1	0	5745	0.06		
"Congo"	122440	120239	0	53	31	154	0.01	-18	6851	0.07		
"Congo, Democratic Republic of the"	118088	117754	0	54	104	111	0.04	13	6479	0.14		
"Bosnia and Herzegovina"	108381	21073	0	0	177	94	0.06	3	2228	0.07		
"Chile"	99891	-675680	0	-3	73	43	0.4	6	11582	0.13		
"Dominican Republic"	93708	54142	0	13	116	67	0.1	5	6446	0.22		
"Sri Lanka"	89560	-193868	0	10	-63	85	0.08	-3	4351	0.16		
"Mali"	88657	88003	0	5	22	141	0.02	9	5008	0.1		
"Angola"	87654	85655	0	-1	10	100	0.05	-11	7692	0.06		
"El Salvador"	86714	81870	0	35	555	88	0.07	9	4914	0.15		
"Afghanistan"	81934	77212	0	-15	-47	147	0.02	-8	2990	0.12		
"Macedonia, North"	81199	-13352	0	7	143	103	0.05	8	1348	0.09		
"New Zealand"	63319	-155929	0	19	-75	56	0.2	3	11141	0.09		
"Panama"	61068	57712	0	35	60	60	0.2	1	8657	0.12		
"Mozambique"	54780	330	0	-6	-38	108	0.04	8	6196	0.1		
"Guinea"	54392	-48099	0	24	-6	135	0.02	7	9140	0.19		
"Faroe Islands"	53800	-297724	0	28	281	172	0	7	1404	0.27		
"Costa Rica"	52240	-60986	0	4	141	86	0.08	3	6987	0.22		
"Uruguay"	51114	-70495	0	14	15	95	0.06	0	9836	0.11		
"Djibouti"	49570	49570	0	18	379	130	0.02	5	6387	0.22		
"Botswana"	48936	33233	0	25	99	124	0.03	2	2968	0.52		
"Bolivia, Plurinational State of"	47209	32583	0	56	511	106	0.04	-3	7978	0.11		
"Paraguay"	46397	-800387	0	26	71	92	0.06	0	7311	0.15		
"Barbados"	38263	37264	0		24768	161	0	0	4992	0.21		
"Benin"	37592	37128	0	57	-44	149	0.01	-2	6481	0.07		
"Cambodia"	37302	-164743	0	41	414	66	0.1	16	2651	0.18		
"Burkina Faso"	37272	37217	0	3	283	136	0.02	5	6109	0.05		
"Haiti"	22267	21942	0	16	277	140	0.02	0	6340	0.18		
"Luxembourg"	21820	-156835	0	-30	73	71	0.1	3	1488	0.14		
"Iceland"	21631	2099	0	20	-50	112	0.04	-1	4251	0.05		
"Madagascar"	17876	6249	0	46	112	138	0.02	2	7339	0.08		
"Cayman Islands"	17667	17288	0	1	-16	123	0.03	5	7522	0.35		
"Nepal"	16737	14655	0	10	93	96	0.06	8	1856	0.56		
"Mauritania"	15603	13668	0	5	-57	146	0.02	1	5817	0.07		
"Somalia"	14774	14540	0	78	115	150	0.01	9	5305	0.16		
"Bahrain"	13840	-980	0	-4	51	101	0.05	1	6359	0.08		
"Andorra"	13478	13428	0	84	44	166	0	2	610	0.52		
"Gabon"	13164	-63392	0	64	132	158	0.01	-2	7114	0.11		
"British Virgin Islands"	12649	12633	0	-12	-15	156	0.01	8	7242	0.27		
"Maldives"	12520	12513	0	79	703	151	0.01	-3	4478	0.08		
"Namibia"	12035	10243	0	61	-50	126	0.03	-1	3757	0.37		
"Lao People's Democratic Republic"	9555	-1109	0	-27	6	129	0.02	-1	2572	0.28		
"Malawi"	9544	-65006	0	0	-18	168	0	0	5169	0.15		
"Eritrea"	9189	9058	0	-9	2165	203	0	-8	6303	0.14		
"Burundi"	8993	7469	0	1	100	188	0	13	4755	0.14		
"Zimbabwe"	7917	-26929	0	12	164	134	0.02	7	3754	0.39		
"South Sudan"	7748	4200	0	59	82	194	0	12		0.25		
"Palestine, State of"	7165	7097	0	21	60	176	0	8	3026	0.1		
"Liberia"	7079	1894	0	80	12	87	0.07	17	11608	0.19		
"Montenegro"	6089	-26528	0	-11	-54	152	0.01	0	2382	0.08		
"Central African Republic"	5828	5664	0	32	144	199	0	7	6606	0.08		
"Zambia"	4547	-11203	0	85	-52	119	0.03	-9	5447	0.14		
"Suriname"	3487	3457	0	7	46	173	0	1	9050	0.14		
"Mauritius"	3444	-4210	0	-19	279	133	0.02	-2	7320	0.08		
"Seychelles"	3260	3231	0	-20	-5	187	0	-7	6627	0.06		
"New Caledonia"	2667	2662	0	53	-33	155	0.01	-1	11471	0.2		
"Guyana"	2584	2343	0	19	-3	144	0.02	13	11175	0.21		
"Brunei Darussalam"	2513	2509	0	201	-96	109	0.04	26	5185	0.11		
"Trinidad and Tobago"	2346	1280	0	-77	-88	128	0.03	-1	6663	0.26		
"Chad"	2175	2164	0	8	3	184	0	13	6931	0.16		
"Sierra Leone"	1805	1168	0	17	-23	170	0	10	8820	0.13		
"Equatorial Guinea"	1577	1571	0	-16	174	182	0	2	6008	0.11		
"Niger"	1204	1047	0	63	-98	162	0	13	5715	0.09		
"Saint Vincent and the Grenadines"	1035	1035	0			196	0	3	6798	0.14		
"Jamaica"	698	-60660	0	-30	-55	137	0.02	-2	6759	0.22		
"Papua New Guinea"	544	-2593	0	-14	-37	143	0.02	-1	4973	0.17		
"French Southern and Antarctic Territories"	499	499	0			214	0	14		0.12		
"Gambia"	475	471	0	39	-96	167	0	7	8260	0.14		
"Marshall Islands"	441	-1371	0	-21	7	91	0.06	-1	7455	0.18		
"Curaçao"	423	275	0	-31	89	163	0	-12		0.24		
"United States Minor Outlying Islands"	368	45	0	-52	276	177	0	0		0.21		
"Kiribati"	327	327	0			205	0	10	5936	0.13		
"Western Sahara"	198	46	0		88	221	0	-16	12469	0.9		
"Dominica"	193	140	0	-40	326	185	0	8	4908	0.65		
"Sint Maarten (Dutch part)"	180	180	0		11242	213	0	-7		0.43		
"Aruba"	173	173	0	-43	253	175	0	-3	4917	0.3		
"Greenland"	147	-103286	0	55	2491	180	0	6	3482	0.44		
"Guinea-Bissau"	141	141	0	71	129	195	0	2	5802	0.16		
"Belize"	84	-322	0	-57	-13	179	0	1	5006	0.18		
"Bermuda"	81	47	0	-77	544	169	0	-3	8006	0.28		
"Macao, China"	37	-1070	0	59	-63	81	0.09	15		0.17		
"Comoros"	32	-89	0			192	0	18	5731	0.22		
"Antigua and Barbuda"	29	27	0			174	0	1	6334	0.27		
"Cabo Verde"	19	-5	0	-65	-99	181	0	4	5196	0.21		
"Samoa"	13	13	0	-49		197	0	-1	6816	0.13		
"Eswatini"	11	-2357	0			160	0	1	1597	0.74		
"British Indian Ocean Territory"	8	8	0	10		219	0	-9		0.67		
"Lesotho"	8	-64	0			164	0	-2	1590	0.78		
"Sao Tome and Principe"	8	-70	0	11	-28	210	0	-3	6155	0.31		
"French Polynesia"	6	1	0		-97	165	0	1	13300	0.24		
"Northern Mariana Islands"	4	1	0			216	0	-19	3811	0.2		
"Saint Kitts and Nevis"	2	-6	0	-52	60	201	0	-12	5440	0.41		
"Turks and Caicos Islands"		-1				193	0	-3	3491	0.74		
"Micronesia, Federated States of"		-1				208	0	-8	7109	0.19		
"Wallis and Futuna Islands"		-1				218	0	7	10103	0.24		
"Christmas Island"		-1				220	0	3		0.69		
"Niue"		-1				223	0	7	11410	0.48		
"Tonga"		-2				202	0	4	5771	0.16		
"Nauru"		-5				211	0	18	6014	0.27		
"Tuvalu"		-6				204	0	17	6386	0.21		
"Timor-Leste"		-7				183	0	12	3988	0.22		
"Bhutan"		-10				178	0	15	1733	0.63		
"Cocos (Keeling) Islands"		-12				225	0	8		0.74		
"Tokelau"		-14				226	0	-33	11566	0.22		
"Solomon Islands"		-22				190	0	0	6301	0.17		
"Saint Helena"		-24				217	0	6	7699	0.31		
"Vanuatu"		-30				198	0	-2	6248	0.13		
"Cook Islands"		-33				206	0	-4	9417	0.22		
"Korea, Democratic People's Republic of"		-41				200	0	-49	1470	0.87		
"Grenada"		-43				191	0	-1	4157	0.2		
"Pitcairn"		-67				227	0	-5		0.23		
"Fiji"		-144				157	0.01	-7	7384	0.12		
"Falkland Islands (Malvinas)"		-1137				207	0	2	12325	0.46		
"European Union Nes"		-109125										
"Ship stores and bunkers"						75	0.1	-11		0.16		
"Free Zones"						186	0	-34		0.92		
"Bonaire, Sint Eustatius and Saba"						189	0	20		0.19		
"Palau"						209	0	1	6232	0.16		
"Anguilla"						212	0	-5	4397	0.58		
"Saint Pierre and Miquelon"						215	0	10	3489	0.45		
"Norfolk Island"						222	0	1	5454	0.24		
"Montserrat"						224	0	-7		0.49		
"West Asia not elsewhere specified"						228	0			1		
"British Antarctic Territory"						229	0			1		
