Importers	Select your indicators-Value exported in 2021 (USD thousand)	Select your indicators-Trade balance 2021 (USD thousand)	Select your indicators-Share in Spain's exports (%)	Select your indicators-Growth in exported value between 2017-2021 (%, p.a.)	Select your indicators-Growth in exported value between 2020-2021 (%, p.a.)	Select your indicators-Ranking of partner countries in world imports	Select your indicators-Share of partner countries in world imports (%)	Select your indicators-Total imports growth in value of partner countries between 2017-2021 (%, p.a.)	Select your indicators-Average distance between partner countries and all their supplying markets (km)	Select your indicators-Concentration of all supplying countries of partner countries	Select your indicators-Average tariff (estimated) faced by Spain (%)	
"World"	391558519	-34501298	100	4	25		100	3				
"France"	59692970	19301745	15.2	4	24	6	3.2	1	3195	0.06		
"Germany"	38320461	-6947311	9.8	1	13	3	6.5	3	3376	0.05		
"Italy"	31450763	4687142	8	3	34	11	2.5	2	2891	0.06		
"Portugal"	29415993	13331348	7.5	4	30	40	0.4	2	2788	0.14		
"United Kingdom"	21704474	11496691	5.5	-1	16	7	3.2	1	3930	0.06		
"Europe Othr. Nes"	17695563	-7485192	4.5	175	24							
"United States of America"	17468710	-2744279	4.5	4	25	1	13.4	3	7938	0.08		
"Belgium"	17037978	6041812	4.4	11	105	12	2.4	3	2709	0.08		
"Netherlands"	13530263	-6227133	3.5	3	30	8	2.8	5	3706	0.07		
"Morocco"	11235684	2600632	2.9	3	33	52	0.3	4	4316	0.07		
"China"	10243474	-30956874	2.6	11	10	2	11.1	5	6416	0.04		
"Poland"	8965692	1361874	2.3	8	31	18	1.5	8	3121	0.08		
"Switzerland"	6794129	-3345643	1.7	10	16	20	1.5	4	3384	0.07		
"Turkey"	6493877	-3353332	1.7	-1	33	22	1.2	3	4285	0.05		
"Ship stores and bunkers"	6082268	6082178	1.6	-7	39	75	0.1	-11		0.16		
"Mexico"	4871067	-644261	1.2	-5	32	13	2.3	2	7039	0.24		
"Czech Republic"	3486226	-1463645	0.9	5	26	28	1	4	2987	0.1		
"Japan"	3473096	-38344	0.9	4	21	4	3.5	1	6256	0.09		
"Sweden"	3466721	-293281	0.9	7	23	31	0.9	3	2128	0.07		
"Greece"	3115420	2115610	0.8	2	44	45	0.3	4	2847	0.05		
"Brazil"	3066909	-2410796	0.8	1	19	26	1	6	10879	0.09		
"Austria"	2879750	140987	0.7	1	14	27	1	3	1514	0.18		
"Russian Federation"	2617715	-4518506	0.7	3	22	21	1.3	5	4187	0.09		
"Denmark"	2541522	40105	0.6	8	13	35	0.6	5	2182	0.08		
"Romania"	2452262	-95176	0.6	-3	18	37	0.5	6	1891	0.07		
"Ireland"	2411413	-956903	0.6	7	22	36	0.5	4	3265	0.1		
"Canada"	2398455	29960	0.6	5	11	14	2.2	1	5042	0.26		
"Korea, Republic of"	2289511	-960774	0.6	0	31	9	2.8	4	5699	0.09		
"Saudi Arabia"	2255683	-1261658	0.6	-6	14	32	0.7	3	5816	0.07		
"Algeria"	2232962	-3406474	0.6	-11	2	64	0.2	-8	4584	0.07		
"Israel"	2135900	1167868	0.5	4	26	42	0.4	4	5483	0.07		
"Chile"	2071450	534724	0.5	4	40	43	0.4	6	11582	0.13		
"Hungary"	2059376	-1074214	0.5	1	9	33	0.6	6	2180	0.09		
"United Arab Emirates"	2024169	1062986	0.5	0	17	29	0.9	-2	5715	0.08		
"Australia"	1914396	1185945	0.5	-1	14	24	1.1	1	10262	0.1		
"Egypt"	1884078	475336	0.5	5	14	46	0.3	-1	5219	0.05		
"India"	1770002	-3197630	0.5	2	42	10	2.6	2	5793	0.05		
"Norway"	1752614	226774	0.4	5	16	39	0.5	3	3470	0.06		
"Slovakia"	1581577	-576551	0.4	7	22	38	0.5	4	2664	0.07		
"South Africa"	1541504	185845	0.4	2	14	41	0.4	-1	9230	0.07		
"Finland"	1505991	130935	0.4	7	24	44	0.4	3	2842	0.07		
"Colombia"	1303167	581683	0.3	1	53	51	0.3	4	8915	0.13		
"Gibraltar"	1202406	1190663	0.3	-9	30	114	0.03	-5	2572	0.09		
"Andorra"	1095570	1061563	0.3	3	-9	166	0	2	610	0.52		
"Argentina"	1083780	-1391143	0.3	-11	40	50	0.3	-5	10631	0.1		
"Hong Kong, China"	951138	517148	0.2	-6	15	5	3.3	3	2841	0.22		
"Tunisia"	925028	228301	0.2	-3	20	78	0.10	-1	3411	0.06		
"Bulgaria"	903505	-69053	0.2	-19	24	57	0.2	6	2237	0.05		
"Philippines"	829482	403154	0.2	11	63	34	0.6	2	4354	0.09		
"Taipei, Chinese"	825135	-1145068	0.2	11	14	17	1.7	8	5007	0.1		
"Ukraine"	806369	-1024186	0.2	15	39	48	0.3	7	3255	0.06		
"Peru"	801460	-874720	0.2	-8	30	54	0.2	3	10420	0.13		
"Cuba"	744539	623299	0.2	-11	10	145	0.02	-13	7148	0.09		
"Singapore"	736370	149521	0.2	-2	-6	16	1.9	3	5773	0.07		
"Slovenia"	711287	144107	0.2	-2	24	55	0.2	10	2404	0.07		
"Dominican Republic"	704936	589702	0.2	2	26	67	0.1	5	6446	0.22		
"Thailand"	651945	-891153	0.2	-4	14	23	1.2	2	4905	0.09		
"Croatia"	638549	478794	0.2	5	35	63	0.2	6	1362	0.07		
"Ecuador"	587824	-166415	0.2	-3	37	69	0.1	3	9174	0.12		
"Viet Nam"	546006	-2770044	0.1	3	8	19	1.5	8	3535	0.19		
"Lithuania"	545824	15915	0.1	4	23	59	0.2	7	1630	0.07		
"Serbia"	529005	138089	0.1	12	40	65	0.2	9	2497	0.06		
"Nigeria"	498960	-6193748	0.1	10	44	53	0.2	17	7792	0.1		
"Kuwait"	469861	405889	0.1	-3	31	76	0.1	-3	5837	0.07		
"Malaysia"	467869	-1217856	0.1	-14	29	25	1.1	3	5172	0.09		
"Indonesia"	462055	-2448530	0.1	-4	16	30	0.9	2	5872	0.11		
"Malta"	447129	386149	0.1	-1	0	120	0.03	1	3249	0.08		
"Luxembourg"	439469	-77983	0.1	12	-7	71	0.1	3	1488	0.14		
"Pakistan"	425317	-747769	0.1	5	111	47	0.3	2	4850	0.11		
"Qatar"	412549	-345013	0.1	-4	-1	70	0.1	0	5745	0.06		
"Senegal"	393804	207432	0.1	0	1	110	0.04	4	6632	0.05		
"Cyprus"	372827	336629	0.1	-1	26	105	0.05	-1	3118	0.09		
"Libya, State of"	366732	-3060445	0.1	-16	6	89	0.07	12	3475	0.08		
"Panama"	357837	-41720	0.1	-11	49	60	0.2	1	8657	0.12		
"Côte d'Ivoire"	344171	-91753	0.1	5	21	93	0.06	9	6793	0.08		
"Lebanon"	331525	268510	0.1	-17	12	97	0.06	-12	3592	0.06		
"Latvia"	330670	145610	0.1	9	6	77	0.1	7	1575	0.08		
"Guatemala"	319402	-2998	0.1	5	37	68	0.1	7	5828	0.15		
"Costa Rica"	318455	-28674	0.1	4	49	86	0.08	3	6987	0.22		
"Estonia"	316136	156059	0.1	2	22	73	0.1	6	2314	0.06		
"Jordan"	314271	247056	0.1	-8	5	84	0.08	0	5167	0.07		
"New Zealand"	299286	65948	0.1	2	-1	56	0.2	3	11141	0.09		
"Ghana"	291348	-4450	0.1	7	-6	82	0.08	8	8888	0.18		
"Iran, Islamic Republic of"	279649	155660	0.1	-20	19	72	0.1	-18	5612	0.13		
"Uruguay"	268110	129762	0.1	1	24	95	0.06	0	9836	0.11		
"Oman"	244309	159345	0.1	-4	-3	83	0.08	-6	5977	0.08		
"Area Nes"	242342	146030	0.1	-26	-6							
"Bangladesh"	232388	-3372402	0.1	7	37	49	0.3	6	4172	0.15		
"Mauritania"	194390	-149964	0	-1	44	146	0.02	1	5817	0.07		
"Iraq"	192837	-1595853	0	-5	18	62	0.2	3	4107	0.18		
"Equatorial Guinea"	192779	-610521	0	1	1	182	0	2	6008	0.11		
"Bahrain"	171671	-158612	0	3	12	101	0.05	1	6359	0.08		
"Angola"	165194	-574291	0	-10	66	100	0.05	-11	7692	0.06		
"Paraguay"	140734	96815	0	-3	44	92	0.06	0	7311	0.15		
"Kazakhstan"	137140	-1726738	0	-6	0	58	0.2	6	3017	0.25		
"El Salvador"	135303	71501	0	2	37	88	0.07	9	4914	0.15		
"Honduras"	128297	68308	0	-2	73	99	0.05	4	6104	0.16		
"Venezuela, Bolivarian Republic of"	127954	53175	0	1	-42	117	0.03	-11	8121	0.16		
"Cameroon"	126454	-129934	0	0	7	116	0.03	8	7279	0.14		
"Kenya"	123923	56450	0	5	12	80	0.09	2	6680	0.08		
"Belarus"	114916	24560	0	4	9	61	0.2	2	2268	0.23		
"Burkina Faso"	112685	108245	0	12	50	136	0.02	5	6109	0.05		
"Greenland"	112493	102173	0	236	89	180	0	6	3482	0.44		
"Togo"	110639	102999	0	-15	133	153	0.01	10	7318	0.08		
"Congo, Democratic Republic of the"	109143	-226542	0	37	182	111	0.04	13	6479	0.14		
"Bolivia, Plurinational State of"	107940	-61926	0	-15	19	106	0.04	-3	7978	0.11		
"Mali"	98762	96573	0	11	43	141	0.02	9	5008	0.1		
"Sri Lanka"	96987	-74062	0	4	32	85	0.08	-3	4351	0.16		
"Azerbaijan"	94826	-603464	0	8	136	98	0.05	5	3712	0.09		
"Iceland"	93153	-21494	0	10	34	112	0.04	-1	4251	0.05		
"Albania"	88931	-145010	0	-12	23	121	0.03	6	1886	0.13		
"Georgia"	86101	44656	0	-2	29	113	0.04	-2	2513	0.09		
"Mauritius"	83722	276	0	-1	-27	133	0.02	-2	7320	0.08		
"Bosnia and Herzegovina"	83667	30112	0	3	22	94	0.06	3	2228	0.07		
"Macedonia, North"	83298	-53177	0	4	45	103	0.05	8	1348	0.09		
"Bonaire, Sint Eustatius and Saba"	82831	82810	0	291	17121	189	0	20		0.19		
"Cabo Verde"	82604	3035	0	-8	-8	181	0	4	5196	0.21		
"Bahamas"	81480	71665	0	-27	22	115	0.03	-8	6248	0.19		
"Seychelles"	80774	40020	0	-9	24	187	0	-7	6627	0.06		
"Trinidad and Tobago"	75327	-350324	0	28	62	128	0.03	-1	6663	0.26		
"Guinea"	68031	-123877	0	-1	7	135	0.02	7	9140	0.19		
"Mozambique"	64214	-192873	0	8	92	108	0.04	8	6196	0.1		
"Moldova, Republic of"	63339	-4207	0	17	36	118	0.03	8	2317	0.08		
"Uzbekistan"	59219	45548	0	-8	42	74	0.1	16	3412	0.12		
"Benin"	57578	56909	0	2	4	149	0.01	-2	6481	0.07		
"Tanzania, United Republic of"	56742	-64976	0	7	61	102	0.05	7	6633	0.1		
"French Polynesia"	51058	50972	0	22	173	165	0	1	13300	0.24		
"Nicaragua"	49162	3635	0	-6	18	104	0.05	4	5888	0.1		
"Cayman Islands"	46267	41784	0	11	143	123	0.03	5	7522	0.35		
"Yemen"	45514	41210	0	12	24	107	0.04	11	5706	0.11		
"Falkland Islands (Malvinas)"	44687	-212480	0	1	55	207	0	2	12325	0.46		
"Ethiopia"	43882	15052	0	-13	-13	90	0.07	1	6305	0.11		
"Macao, China"	40867	39185	0	12	172	81	0.09	15		0.17		
"Gabon"	40222	-228658	0	3	14	158	0.01	-2	7114	0.11		
"Jamaica"	39515	36545	0	-12	-15	137	0.02	-2	6759	0.22		
"Syrian Arab Republic"	39208	25277	0	-8	-8	139	0.02	-3	2496	0.27		
"Armenia"	35763	-40440	0	-1	72	131	0.02	6	3323	0.15		
"Djibouti"	35417	35253	0	-10	55	130	0.02	5	6387	0.22		
"Montenegro"	34339	-56442	0	-4	32	152	0.01	0	2382	0.08		
"Sudan"	33398	33022	0	-2	-19	122	0.03	-2		0.13		
"Madagascar"	33188	3392	0	-7	3	138	0.02	2	7339	0.08		
"Congo"	30887	18368	0	0	26	154	0.01	-18	6851	0.07		
"Gambia"	27866	23526	0	-3	15	167	0	7	8260	0.14		
"Namibia"	27597	-226666	0	-19	-38	126	0.03	-1	3757	0.37		
"New Caledonia"	26481	-42877	0	-2	-3	155	0.01	-1	11471	0.2		
"Cambodia"	24951	-741206	0	0	-7	66	0.1	16	2651	0.18		
"Myanmar"	24210	-624083	0	-2	6	79	0.10	-1	2536	0.25		
"Uganda"	21220	-31641	0	7	-32	132	0.02	11	5788	0.09		
"Aruba"	20286	20138	0	2	123	175	0	-3	4917	0.3		
"Sierra Leone"	19999	19015	0	-3	35	170	0	10	8820	0.13		
"Haiti"	19893	14432	0	-4	-12	140	0.02	0	6340	0.18		
"Marshall Islands"	18363	17510	0	-35	663	91	0.06	-1	7455	0.18		
"Liberia"	17430	-46278	0	-9	21	87	0.07	17	11608	0.19		
"Palestine, State of"	17304	17274	0	-14	65	176	0	8	3026	0.1		
"Zambia"	16981	-17798	0	-2	72	119	0.03	-9	5447	0.14		
"Suriname"	14503	14326	0	10	28	173	0	1	9050	0.14		
"Niger"	14112	11276	0	9	1	162	0	13	5715	0.09		
"Somalia"	14068	10440	0	4	5	150	0.01	9	5305	0.16		
"Maldives"	13757	11361	0	4	40	151	0.01	-3	4478	0.08		
"Guinea-Bissau"	13067	12928	0	2	31	195	0	2	5802	0.16		
"Barbados"	12374	8498	0	3	47	161	0	0	4992	0.21		
"Afghanistan"	12103	8666	0	14	-9	147	0.02	-8	2990	0.12		
"Brunei Darussalam"	9678	9653	0	19	151	109	0.04	26	5185	0.11		
"Zimbabwe"	9358	-8818	0	-14	43	134	0.02	7	3754	0.39		
"Curaçao"	9109	-8323	0	-18	-18	163	0	-12		0.24		
"Mongolia"	8814	7599	0	-5	63	125	0.03	8	3267	0.22		
"Chad"	7970	7911	0	-4	11	184	0	13	6931	0.16		
"Lao People's Democratic Republic"	7754	-10074	0	15	135	129	0.02	-1	2572	0.28		
"Guyana"	7295	-93437	0	21	80	144	0.02	13	11175	0.21		
"Rwanda"	6968	6753	0	29	5	159	0.01	17	5437	0.08		
"Turkmenistan"	6804	-8258	0	18	-81	148	0.02	4	3495	0.15		
"Nepal"	6364	4526	0	-1	50	96	0.06	8	1856	0.56		
"Central African Republic"	5879	5845	0	-1	-16	199	0	7	6606	0.08		
"Kyrgyzstan"	4948	4389	0	0	-34	127	0.03	1	2892	0.2		
"Comoros"	4828	4200	0	3	13	192	0	18	5731	0.22		
"Belize"	4572	-21930	0	-16	-16	179	0	1	5006	0.18		
"Papua New Guinea"	4146	-80873	0	6	50	143	0.02	-1	4973	0.17		
"British Virgin Islands"	3931	2894	0	-25	307	156	0.01	8	7242	0.27		
"Tajikistan"	3776	3441	0	20	111	142	0.02	9	2803	0.17		
"Malawi"	3540	-595	0	-22	210	168	0	0	5169	0.15		
"Eritrea"	3387	3387	0	-11	16	203	0	-8	6303	0.14		
"Faroe Islands"	3365	-56544	0	6	51	172	0	7	1404	0.27		
"Antigua and Barbuda"	2837	2690	0	-43	31	174	0	1	6334	0.27		
"South Sudan"	2506	2506	0	12	-20	194	0	12		0.25		
"Sao Tome and Principe"	2381	2036	0	13	32	210	0	-3	6155	0.31		
"Bermuda"	1846	1671	0	-6	0	169	0	-3	8006	0.28		
"Saint Lucia"	1825	1701	0	-13	-24	171	0	-10	5321	0.23		
"Grenada"	1711	1501	0	16	58	191	0	-1	4157	0.2		
"Fiji"	1537	668	0	-10	-31	157	0.01	-7	7384	0.12		
"Turks and Caicos Islands"	1412	1384	0	89	4	193	0	-3	3491	0.74		
"Eswatini"	1366	-40874	0	6	28	160	0	1	1597	0.74		
"Sint Maarten (Dutch part)"	1269	1148	0	-23	-58	213	0	-7		0.43		
"Lesotho"	1248	1207	0	32	207	164	0	-2	1590	0.78		
"United States Minor Outlying Islands"	1100	935	0	-22	-48	177	0	0		0.21		
"Burundi"	1091	1027	0	46	0	188	0	13	4755	0.14		
"Botswana"	1043	1012	0	-42	-42	124	0.03	2	2968	0.52		
"Micronesia, Federated States of"	998	976	0	15	18	208	0	-8	7109	0.19		
"Dominica"	689	616	0	50	-55	185	0	8	4908	0.65		
"Saint Vincent and the Grenadines"	449	434	0	-3	-42	196	0	3	6798	0.14		
"Korea, Democratic People's Republic of"	318	-1865	0	-28	90	200	0	-49	1470	0.87		
"Solomon Islands"	316	-11817	0	14	-69	190	0	0	6301	0.17		
"Vanuatu"	271	-796	0	-17	-75	198	0	-2	6248	0.13		
"Palau"	268	268	0	219	4367	209	0	1	6232	0.16		
"Saint Kitts and Nevis"	266	-34	0	-19	-51	201	0	-12	5440	0.41		
"Wallis and Futuna Islands"	211	210	0	34	18	218	0	7	10103	0.24		
"Saint Pierre and Miquelon"	200	199	0	12	1	215	0	10	3489	0.45		
"French Southern and Antarctic Territories"	155	-1388	0	44	-21	214	0	14		0.12		
"Nauru"	148	11	0	117	8	211	0	18	6014	0.27		
"Samoa"	125	44	0	-1	-6	197	0	-1	6816	0.13		
"Cook Islands"	102	82	0	-9	-27	206	0	-4	9417	0.22		
"Northern Mariana Islands"	102	76	0	4	437	216	0	-19	3811	0.2		
"Anguilla"	84	42	0	-18	110	212	0	-5	4397	0.58		
"Tonga"	58	18	0	12	-91	202	0	4	5771	0.16		
"Bhutan"	57	7	0	-37	-49	178	0	15	1733	0.63		
"Kiribati"	42	42	0	-20	2000	205	0	10	5936	0.13		
"Timor-Leste"	38	-85	0	-22	-28	183	0	12	3988	0.22		
"Western Sahara"	37	37	0	-40		221	0	-16	12469	0.9		
"Saint Helena"	20	-1	0	119	-99	217	0	6	7699	0.31		
"Norfolk Island"	14	14	0			222	0	1	5454	0.24		
"Montserrat"	1	1	0	-44		224	0	-7		0.49		
"Cocos (Keeling) Islands"	1	-15	0			225	0	8		0.74		
"Tuvalu"	1	-24	0	-33		204	0	17	6386	0.21		
"Niue"	1	-30	0			223	0	7	11410	0.48		
"Africa not elsewhere specified"		-1										
"Special categories"		-1										
"Tokelau"		-72				226	0	-33	11566	0.22		
"Christmas Island"		-73				220	0	3		0.69		
"Pitcairn"		-455				227	0	-5		0.23		
"Free Zones"						186	0	-34		0.92		
"British Indian Ocean Territory"						219	0	-9		0.67		
"West Asia not elsewhere specified"						228	0			1		
"British Antarctic Territory"						229	0			1		
