Importers	Select your indicators-Value exported in 2021 (USD thousand)	Select your indicators-Trade balance 2021 (USD thousand)	Select your indicators-Share in Switzerland's exports (%)	Select your indicators-Growth in exported value between 2017-2021 (%, p.a.)	Select your indicators-Growth in exported value between 2020-2021 (%, p.a.)	Select your indicators-Ranking of partner countries in world imports	Select your indicators-Share of partner countries in world imports (%)	Select your indicators-Total imports growth in value of partner countries between 2017-2021 (%, p.a.)	Select your indicators-Average distance between partner countries and all their supplying markets (km)	Select your indicators-Concentration of all supplying countries of partner countries	Select your indicators-Average tariff (estimated) faced by Switzerland (%)	
"World"	380243724	57180618	100	5	19		100	3				
"United States of America"	63095635	38880625	16.6	18	-14	1	13.4	3	7938	0.08		
"Germany"	55240524	-7138768	14.5	4	12	3	6.5	3	3376	0.05		
"China"	33050049	13261575	8.7	1	90	2	11.1	5	6416	0.04		
"India"	31415421	29084191	8.3	5	172	10	2.6	2	5793	0.05		
"Italy"	20310008	-3590566	5.3	4	31	11	2.5	2	2891	0.06		
"France"	19119201	-255305	5	0	16	6	3.2	1	3195	0.06		
"United Kingdom"	14046184	-22285431	3.7	1	-16	7	3.2	1	3930	0.06		
"Spain"	13820372	4751487	3.6	20	72	15	1.9	3	3890	0.05		
"Austria"	10244613	267186	2.7	5	25	27	1	3	1514	0.18		
"Hong Kong, China"	10199085	5565416	2.7	-17	61	5	3.3	3	2841	0.22		
"Slovenia"	8747939	6450766	2.3	107	70	55	0.2	10	2404	0.07		
"Japan"	8496656	3190241	2.2	2	13	4	3.5	1	6256	0.09		
"Singapore"	8103123	3046955	2.1	2	20	16	1.9	3	5773	0.07		
"Netherlands"	7359021	1487687	1.9	4	11	8	2.8	5	3706	0.07		
"Belgium"	5061346	684935	1.3	3	12	12	2.4	3	2709	0.08		
"United Arab Emirates"	4620701	-4132158	1.2	-3	56	29	0.9	-2	5715	0.08		
"Thailand"	4289772	2372959	1.1	-3	104	23	1.2	2	4905	0.09		
"Canada"	4169477	704084	1.1	3	1	14	2.2	1	5042	0.26		
"Russian Federation"	3689396	2190543	1	12	23	21	1.3	5	4187	0.09		
"Korea, Republic of"	3644276	1391878	1	1	16	9	2.8	4	5699	0.09		
"Poland"	3270755	206959	0.9	8	16	18	1.5	8	3121	0.08		
"Turkey"	2815217	647696	0.7	-7	-55	22	1.2	3	4285	0.05		
"Taipei, Chinese"	2673189	927635	0.7	9	6	17	1.7	8	5007	0.1		
"Saudi Arabia"	2500463	1571678	0.7	5	45	32	0.7	3	5816	0.07		
"Australia"	2426945	822275	0.6	-2	5	24	1.1	1	10262	0.1		
"Brazil"	2370090	648280	0.6	-1	5	26	1	6	10879	0.09		
"Czech Republic"	2262482	-694317	0.6	6	26	28	1	4	2987	0.1		
"Sweden"	2035877	420273	0.5	7	17	31	0.9	3	2128	0.07		
"Romania"	1736338	767262	0.5	24	19	37	0.5	6	1891	0.07		
"Mexico"	1532947	-90224	0.4	1	13	13	2.3	2	7039	0.24		
"Malaysia"	1475999	580685	0.4	-16	18	25	1.1	3	5172	0.09		
"Egypt"	1337805	1253238	0.4	10	7	46	0.3	-1	5219	0.05		
"Ireland"	1304265	-2916644	0.3	5	-4	36	0.5	4	3265	0.1		
"Hungary"	1277440	-378252	0.3	5	16	33	0.6	6	2180	0.09		
"Portugal"	1273973	62743	0.3	6	20	40	0.4	2	2788	0.14		
"Denmark"	1231305	190805	0.3	6	2	35	0.6	5	2182	0.08		
"Israel"	1194362	643467	0.3	0	5	42	0.4	4	5483	0.07		
"Greece"	792250	536631	0.2	-2	4	45	0.3	4	2847	0.05		
"Slovakia"	748775	-445098	0.2	5	20	38	0.5	4	2664	0.07		
"Jordan"	745204	723772	0.2	5	165	84	0.08	0	5167	0.07		
"Norway"	734330	224443	0.2	0	12	39	0.5	3	3470	0.06		
"Qatar"	733618	692982	0.2	1	-34	70	0.1	0	5745	0.06		
"Ukraine"	701046	492582	0.2	20	20	48	0.3	7	3255	0.06		
"Argentina"	685114	-309032	0.2	-7	16	50	0.3	-5	10631	0.1		
"Finland"	682706	-867243	0.2	-2	9	44	0.4	3	2842	0.07		
"South Africa"	636490	-3586591	0.2	-6	16	41	0.4	-1	9230	0.07		
"Colombia"	613091	148768	0.2	4	11	51	0.3	4	8915	0.13		
"Viet Nam"	529434	-1348072	0.1	-5	-7	19	1.5	8	3535	0.19		
"Kuwait"	524179	509488	0.1	1	22	76	0.1	-3	5837	0.07		
"Bulgaria"	497206	54583	0.1	5	15	57	0.2	6	2237	0.05		
"Serbia"	485452	152449	0.1	14	25	65	0.2	9	2497	0.06		
"Luxembourg"	419534	122913	0.1	-10	32	71	0.1	3	1488	0.14		
"Pakistan"	398330	130165	0.1	1	2	47	0.3	2	4850	0.11		
"Croatia"	392031	57601	0.1	13	12	63	0.2	6	1362	0.07		
"Morocco"	380060	46625	0.1	2	17	52	0.3	4	4316	0.07		
"Lebanon"	379894	-79869	0.1	-11	-8	97	0.06	-12	3592	0.06		
"Indonesia"	360551	-1340914	0.1	-4	-32	30	0.9	2	5872	0.11		
"Chile"	354102	-580807	0.1	3	3	43	0.4	6	11582	0.13		
"Philippines"	337559	-372764	0.1	0	7	34	0.6	2	4354	0.09		
"Estonia"	323812	221801	0.1	19	32	73	0.1	6	2314	0.06		
"New Zealand"	288189	182191	0.1	5	42	56	0.2	3	11141	0.09		
"Kazakhstan"	279936	206391	0.1	11	7	58	0.2	6	3017	0.25		
"Oman"	277826	261548	0.1	-2	-12	83	0.08	-6	5977	0.08		
"Bahrain"	272321	215634	0.1	-2	11	101	0.05	1	6359	0.08		
"Libya, State of"	216675	-85393	0.1	10	70	89	0.07	12	3475	0.08		
"Algeria"	215675	183139	0.1	-13	-26	64	0.2	-8	4584	0.07		
"Iraq"	214452	213906	0.1	-9	-21	62	0.2	3	4107	0.18		
"Costa Rica"	212088	78937	0.1	4	-1	86	0.08	3	6987	0.22		
"Tunisia"	207480	-37591	0.1	-3	-4	78	0.10	-1	3411	0.06		
"Lithuania"	172913	-113768	0	5	24	59	0.2	7	1630	0.07		
"Iran, Islamic Republic of"	170030	153336	0	-30	19	72	0.1	-18	5612	0.13		
"Panama"	167200	123246	0	-7	-19	60	0.2	1	8657	0.12		
"Latvia"	161286	83613	0	0	17	77	0.1	7	1575	0.08		
"Nigeria"	160251	-320670	0	-7	8	53	0.2	17	7792	0.1		
"Malta"	158093	121705	0	-3	27	120	0.03	1	3249	0.08		
"Uruguay"	148596	109478	0	-5	3	95	0.06	0	9836	0.11		
"Bangladesh"	138055	-878918	0	-5	-2	49	0.3	6	4172	0.15		
"Peru"	137854	-2138465	0	-5	5	54	0.2	3	10420	0.13		
"Bosnia and Herzegovina"	134746	-27659	0	14	19	94	0.06	3	2228	0.07		
"Cambodia"	124219	-170604	0	85	-73	66	0.1	16	2651	0.18		
"Cyprus"	123034	115003	0	2	15	105	0.05	-1	3118	0.09		
"Belarus"	118538	67089	0	10	-14	61	0.2	2	2268	0.23		
"Kenya"	108123	4544	0	3	18	80	0.09	2	6680	0.08		
"Ecuador"	107459	-260159	0	-4	3	69	0.1	3	9174	0.12		
"Sri Lanka"	104319	-143931	0	-14	-10	85	0.08	-3	4351	0.16		
"Macao, China"	100589	89390	0	11	177	81	0.09	15		0.17		
"Uzbekistan"	92552	-2298746	0	-9	34	74	0.1	16	3412	0.12		
"Macedonia, North"	92200	-6366	0	18	14	103	0.05	8	1348	0.09		
"British Virgin Islands"	84621	82003	0	-8	62	156	0.01	8	7242	0.27		
"Iceland"	84047	46005	0	14	27	112	0.04	-1	4251	0.05		
"Azerbaijan"	72317	-140864	0	-5	51	98	0.05	5	3712	0.09		
"Albania"	71390	43521	0	12	32	121	0.03	6	1886	0.13		
"Botswana"	70539	70476	0	215	-39	124	0.03	2	2968	0.52		
"Georgia"	59310	-18074	0	2	42	113	0.04	-2	2513	0.09		
"Palestine, State of"	56160	55161	0	18	25	176	0	8	3026	0.1		
"Côte d'Ivoire"	51177	-847912	0	-9	-4	93	0.06	9	6793	0.08		
"Nepal"	50572	41361	0	-25	99	96	0.06	8	1856	0.56		
"Guatemala"	50026	-9938	0	11	64	68	0.1	7	5828	0.15		
"Dominican Republic"	49724	-885942	0	10	36	67	0.1	5	6446	0.22		
"Moldova, Republic of"	49664	17760	0	22	49	118	0.03	8	2317	0.08		
"Ethiopia"	43293	-20651	0	8	-32	90	0.07	1	6305	0.11		
"Tanzania, United Republic of"	42163	-526567	0	20	16	102	0.05	7	6633	0.1		
"Mauritius"	35289	-8330	0	-4	12	133	0.02	-2	7320	0.08		
"Ghana"	33554	-2417914	0	0	9	82	0.08	8	8888	0.18		
"Uganda"	33355	10220	0	21	1	132	0.02	11	5788	0.09		
"Curaçao"	33210	32830	0	-3	46	163	0	-12		0.24		
"Venezuela, Bolivarian Republic of"	33181	30964	0	-21	25	117	0.03	-11	8121	0.16		
"Montenegro"	32177	27035	0	20	1	152	0.01	0	2382	0.08		
"Sudan"	31203	30390	0	-20	-53	122	0.03	-2		0.13		
"Seychelles"	29246	28580	0	-12	172	187	0	-7	6627	0.06		
"Senegal"	26723	-697777	0	7	2	110	0.04	4	6632	0.05		
"Armenia"	24669	11457	0	-37	24	131	0.02	6	3323	0.15		
"Bolivia, Plurinational State of"	24616	18540	0	-7	76	106	0.04	-3	7978	0.11		
"Bahamas"	20764	20322	0	-29	95	115	0.03	-8	6248	0.19		
"Paraguay"	20683	-681	0	-1	24	92	0.06	0	7311	0.15		
"Honduras"	20011	-23756	0	5	36	99	0.05	4	6104	0.16		
"Haiti"	18409	15486	0	47	688	140	0.02	0	6340	0.18		
"Myanmar"	17810	-147178	0	-5	-19	79	0.10	-1	2536	0.25		
"El Salvador"	17102	13925	0	3	34	88	0.07	9	4914	0.15		
"Yemen"	16764	16363	0	1	8	107	0.04	11	5706	0.11		
"Mongolia"	16510	-1041265	0	21	57	125	0.03	8	3267	0.22		
"Aruba"	14179	13441	0	-6	218	175	0	-3	4917	0.3		
"Togo"	13934	12725	0	-2	-19	153	0.01	10	7318	0.08		
"Congo, Democratic Republic of the"	13927	12373	0	30	-29	111	0.04	13	6479	0.14		
"Cayman Islands"	13614	13094	0	-14	47	123	0.03	5	7522	0.35		
"Cameroon"	13609	10504	0	-4	-6	116	0.03	8	7279	0.14		
"Jamaica"	12916	7926	0	-1	30	137	0.02	-2	6759	0.22		
"Niger"	10277	9996	0	-3	16	162	0	13	5715	0.09		
"Maldives"	9908	-1048	0	8	58	151	0.01	-3	4478	0.08		
"Kyrgyzstan"	9812	-1197345	0	-10	7	127	0.03	1	2892	0.2		
"Cuba"	9424	-37044	0	-24	114	145	0.02	-13	7148	0.09		
"Rwanda"	9110	8613	0	22	8	159	0.01	17	5437	0.08		
"Mali"	8941	-1347657	0	26	-36	141	0.02	9	5008	0.1		
"Benin"	8677	7673	0	9	87	149	0.01	-2	6481	0.07		
"United States Minor Outlying Islands"	8220	8099	0	-18	48	177	0	0		0.21		
"Trinidad and Tobago"	7450	6799	0	-4	-19	128	0.03	-1	6663	0.26		
"Gibraltar"	7431	5728	0	-6	23	114	0.03	-5	2572	0.09		
"Angola"	6687	6589	0	-6	-68	100	0.05	-11	7692	0.06		
"Turkmenistan"	6389	6275	0	-20	-16	148	0.02	4	3495	0.15		
"Turks and Caicos Islands"	6365	6192	0	7	257	193	0	-3	3491	0.74		
"Lao People's Democratic Republic"	6339	-132067	0	11	-16	129	0.02	-1	2572	0.28		
"Madagascar"	6110	-36842	0	-3	-15	138	0.02	2	7339	0.08		
"Tajikistan"	5890	-180523	0	6	-25	142	0.02	9	2803	0.17		
"Mauritania"	5832	5585	0	1	51	146	0.02	1	5817	0.07		
"Nicaragua"	5818	-237525	0	0	-22	104	0.05	4	5888	0.1		
"Guinea"	5782	-234723	0	1	-1	135	0.02	7	9140	0.19		
"Afghanistan"	5687	1502	0	25	-17	147	0.02	-8	2990	0.12		
"Zimbabwe"	4976	-493	0	-24	28	134	0.02	7	3754	0.39		
"Syrian Arab Republic"	4969	4827	0	-30	-83	139	0.02	-3	2496	0.27		
"Barbados"	4968	4468	0	-42	26	161	0	0	4992	0.21		
"New Caledonia"	4250	3802	0	0	12	155	0.01	-1	11471	0.2		
"Mozambique"	3930	-44500	0	-2	-66	108	0.04	8	6196	0.1		
"Bermuda"	3660	-855	0	-9	61	169	0	-3	8006	0.28		
"Burkina Faso"	3615	-3377303	0	0	-44	136	0.02	5	6109	0.05		
"Djibouti"	3610	3577	0	41	670	130	0.02	5	6387	0.22		
"Congo"	3393	-706	0	-11	42	154	0.01	-18	6851	0.07		
"Belize"	3355	3070	0	-33	197	179	0	1	5006	0.18		
"Eswatini"	3288	-1819	0	-7	50	160	0	1	1597	0.74		
"Andorra"	3220	2358	0	-27	32	166	0	2	610	0.52		
"Zambia"	3218	-5807	0	-18	8	119	0.03	-9	5447	0.14		
"Sierra Leone"	3125	1285	0	-5	35	170	0	10	8820	0.13		
"Namibia"	3005	-1172	0	13	-22	126	0.03	-1	3757	0.37		
"Saint Vincent and the Grenadines"	2655	-1746	0	-46	1961	196	0	3	6798	0.14		
"Gambia"	2475	2464	0	-4	1	167	0	7	8260	0.14		
"Chad"	2273	2241	0	-1	29	184	0	13	6931	0.16		
"Saint Lucia"	1790	1747	0	-18	173	171	0	-10	5321	0.23		
"Papua New Guinea"	1761	-1059	0	11	-47	143	0.02	-1	4973	0.17		
"Guyana"	1672	-5623	0	-5	2	144	0.02	13	11175	0.21		
"Liberia"	1579	-341049	0	-48	79	87	0.07	17	11608	0.19		
"Gabon"	1565	1371	0	-15	-9	158	0.01	-2	7114	0.11		
"Suriname"	1557	-1090775	0	-17	12	173	0	1	9050	0.14		
"Cabo Verde"	1457	1443	0	-8	27	181	0	4	5196	0.21		
"Antigua and Barbuda"	1407	1345	0	-10	33	174	0	1	6334	0.27		
"Brunei Darussalam"	1262	1215	0	-26	25	109	0.04	26	5185	0.11		
"Saint Kitts and Nevis"	1254	812	0	-20	60	201	0	-12	5440	0.41		
"Malawi"	1234	-1597	0	4	-33	168	0	0	5169	0.15		
"Somalia"	1191	1163	0	33	474	150	0.01	9	5305	0.16		
"Faroe Islands"	1023	-6193	0	5	95	172	0	7	1404	0.27		
"Samoa"	969	926	0	440	4	197	0	-1	6816	0.13		
"Bhutan"	725	682	0	7	-68	178	0	15	1733	0.63		
"Dominica"	638	638	0	-39	92	185	0	8	4908	0.65		
"Burundi"	505	442	0	-14	-22	188	0	13	4755	0.14		
"Fiji"	473	345	0	-30	-62	157	0.01	-7	7384	0.12		
"Eritrea"	465	344	0	2	137	203	0	-8	6303	0.14		
"Sao Tome and Principe"	382	-1948	0	-5	71	210	0	-3	6155	0.31		
"Timor-Leste"	321	321	0	-1	55	183	0	12	3988	0.22		
"Central African Republic"	313	110	0	-23	-30	199	0	7	6606	0.08		
"Marshall Islands"	261	261	0	-21	-99	91	0.06	-1	7455	0.18		
"Equatorial Guinea"	226	226	0	5	-77	182	0	2	6008	0.11		
"Northern Mariana Islands"	208	208	0	-34	209	216	0	-19	3811	0.2		
"Grenada"	184	-90	0	-14	-61	191	0	-1	4157	0.2		
"Guinea-Bissau"	182	182	0	-5	3	195	0	2	5802	0.16		
"Comoros"	178	-520	0	9	111	192	0	18	5731	0.22		
"Falkland Islands (Malvinas)"	125	91	0	6	-47	207	0	2	12325	0.46		
"Lesotho"	108	-30753	0	-36	68	164	0	-2	1590	0.78		
"Vanuatu"	100	100	0	7	31	198	0	-2	6248	0.13		
"Saint Pierre and Miquelon"	44	44	0	88		215	0	10	3489	0.45		
"Greenland"	43	-1159	0	-22	-17	180	0	6	3482	0.44		
"Solomon Islands"	40	-13495	0	-41	67	190	0	0	6301	0.17		
"Nauru"	35	35	0	-47		211	0	18	6014	0.27		
"Cocos (Keeling) Islands"	30	30	0	22		225	0	8		0.74		
"Micronesia, Federated States of"	29	29	0	62	-88	208	0	-8	7109	0.19		
"British Indian Ocean Territory"	22	22	0		275	219	0	-9		0.67		
"Kiribati"	14	14	0	-53		205	0	10	5936	0.13		
"Cook Islands"	14	14	0	59	-32	206	0	-4	9417	0.22		
"Palau"	10	10	0	-35	-95	209	0	1	6232	0.16		
"French Southern and Antarctic Territories"	9	9	0	-32	671	214	0	14		0.12		
"Niue"	8	8	0	-15		223	0	7	11410	0.48		
"Western Sahara"	1	1	0	-69		221	0	-16	12469	0.9		
"Montserrat"		-20				224	0	-7		0.49		
"Saint Helena"		-23				217	0	6	7699	0.31		
"Ship stores and bunkers"						75	0.1	-11		0.16		
"French Polynesia"						165	0	1	13300	0.24		
"Free Zones"						186	0	-34		0.92		
"Bonaire, Sint Eustatius and Saba"						189	0	20		0.19		
"South Sudan"						194	0	12		0.25		
"Korea, Democratic People's Republic of"						200	0	-49	1470	0.87		
"Tonga"						202	0	4	5771	0.16		
"Tuvalu"						204	0	17	6386	0.21		
"Anguilla"						212	0	-5	4397	0.58		
"Sint Maarten (Dutch part)"						213	0	-7		0.43		
"Wallis and Futuna Islands"						218	0	7	10103	0.24		
"Christmas Island"						220	0	3		0.69		
"Norfolk Island"						222	0	1	5454	0.24		
"Tokelau"						226	0	-33	11566	0.22		
"Pitcairn"						227	0	-5		0.23		
"West Asia not elsewhere specified"						228	0			1		
"British Antarctic Territory"						229	0			1		
