Importers	Select your indicators-Value exported in 2021 (USD thousand)	Select your indicators-Trade balance 2021 (USD thousand)	Select your indicators-Share in Turkey's exports (%)	Select your indicators-Growth in exported value between 2017-2021 (%, p.a.)	Select your indicators-Growth in exported value between 2020-2021 (%, p.a.)	Select your indicators-Ranking of partner countries in world imports	Select your indicators-Share of partner countries in world imports (%)	Select your indicators-Total imports growth in value of partner countries between 2017-2021 (%, p.a.)	Select your indicators-Average distance between partner countries and all their supplying markets (km)	Select your indicators-Concentration of all supplying countries of partner countries	Select your indicators-Average tariff (estimated) faced by Turkey (%)	
"World"	225264314	-46158444	100	8	33		100	3				
"Germany"	19317751	-2439726	8.6	5	21	3	6.5	3	3376	0.05		
"United States of America"	14719306	1571177	6.5	13	45	1	13.4	3	7938	0.08		
"United Kingdom"	13705148	8146966	6.1	7	22	7	3.2	1	3930	0.06		
"Italy"	11474990	-88800	5.1	4	42	11	2.5	2	2891	0.06		
"Iraq"	11131282	9467182	4.9	5	22	62	0.2	3	4107	0.18		
"Spain"	9627056	3315443	4.3	7	44	15	1.9	3	3890	0.05		
"France"	9132265	1200738	4.1	7	27	6	3.2	1	3195	0.06		
"Netherlands"	6768766	2260407	3	13	30	8	2.8	5	3706	0.07		
"Israel"	6356140	4309061	2.8	15	35	42	0.4	4	5483	0.07		
"Russian Federation"	5775897	-23183133	2.6	19	28	21	1.3	5	4187	0.09		
"United Arab Emirates"	5493464	3050804	2.4	-11	94	29	0.9	-2	5715	0.08		
"Romania"	5176255	1741822	2.3	11	33	37	0.5	6	1891	0.07		
"Belgium"	4895893	-732489	2.2	8	35	12	2.4	3	2709	0.08		
"Poland"	4674090	1038233	2.1	9	35	18	1.5	8	3121	0.08		
"Egypt"	4519351	2307675	2	14	44	46	0.3	-1	5219	0.05		
"Bulgaria"	3954032	1408560	1.8	7	50	57	0.2	6	2237	0.05		
"China"	3662823	-28576388	1.6	4	28	2	11.1	5	6416	0.04		
"Greece"	3117083	954950	1.4	12	73	45	0.3	4	2847	0.05		
"Morocco"	2977121	2054685	1.3	13	45	52	0.3	4	4316	0.07		
"Ukraine"	2900955	-1623720	1.3	21	39	48	0.3	7	3255	0.06		
"Iran, Islamic Republic of"	2770962	-52717	1.2	-4	23	72	0.1	-18	5612	0.13		
"Libya, State of"	2769426	1947630	1.2	27	68	89	0.07	12	3475	0.08		
"Azerbaijan"	2342993	1591703	1	15	12	98	0.05	5	3712	0.09		
"Syrian Arab Republic"	2108816	1924504	0.9	11	32	139	0.02	-3	2496	0.27		
"Serbia"	2039246	1568245	0.9	18	48	65	0.2	9	2497	0.06		
"Uzbekistan"	1841893	41849	0.8	24	60	74	0.1	16	3412	0.12		
"Slovenia"	1797614	1344468	0.8	11	9	55	0.2	10	2404	0.07		
"Georgia"	1704299	1233449	0.8	8	17	113	0.04	-2	2513	0.09		
"Algeria"	1698821	503941	0.8	-3	17	64	0.2	-8	4584	0.07		
"Lebanon"	1693549	1645132	0.8	14	82	97	0.06	-12	3592	0.06		
"Sweden"	1688723	-295720	0.7	3	27	31	0.9	3	2128	0.07		
"Canada"	1687217	611755	0.7	7	68	14	2.2	1	5042	0.26		
"Czech Republic"	1649335	-1064261	0.7	14	46	28	1	4	2987	0.1		
"Austria"	1520441	-309129	0.7	6	35	27	1	3	1514	0.18		
"Portugal"	1496349	375293	0.7	11	62	40	0.4	2	2788	0.14		
"Hungary"	1399287	-245934	0.6	6	11	33	0.6	6	2180	0.09		
"Tunisia"	1376446	1109615	0.6	9	48	78	0.10	-1	3411	0.06		
"India"	1304989	-6631149	0.6	9	47	10	2.6	2	5793	0.05		
"Denmark"	1301405	241532	0.6	5	25	35	0.6	5	2182	0.08		
"Kazakhstan"	1288305	-307008	0.6	16	31	58	0.2	6	3017	0.25		
"Switzerland"	1259537	-1798335	0.6	2	15	20	1.5	4	3384	0.07		
"Cyprus"	1238359	1117793	0.5	-1	44	105	0.05	-1	3118	0.09		
"Qatar"	1152425	584227	0.5	12	11	70	0.1	0	5745	0.06		
"Yemen"	1097987	1076848	0.5	16	32	107	0.04	11	5706	0.11		
"Hong Kong, China"	1055762	981373	0.5	11	29	5	3.3	3	2841	0.22		
"Brazil"	1025552	-2801526	0.5	24	74	26	1	6	10879	0.09		
"Korea, Republic of"	987450	-6609649	0.4	13	-11	9	2.8	4	5699	0.09		
"Turkmenistan"	984889	274024	0.4	4	25	148	0.02	4	3495	0.15		
"Australia"	971035	-152148	0.4	13	34	24	1.1	1	10262	0.1		
"Ireland"	958701	-26086	0.4	11	46	36	0.5	4	3265	0.1		
"Norway"	937654	66687	0.4	15	28	39	0.5	3	3470	0.06		
"Belarus"	915462	645466	0.4	21	52	61	0.2	2	2268	0.23		
"Singapore"	888520	493382	0.4	3	159	16	1.9	3	5773	0.07		
"South Africa"	861336	-331406	0.4	13	50	41	0.4	-1	9230	0.07		
"Nigeria"	841297	742249	0.4	27	38	53	0.2	17	7792	0.1		
"Mexico"	839883	-113306	0.4	13	56	13	2.3	2	7039	0.24		
"Albania"	790304	729516	0.4	17	66	121	0.03	6	1886	0.13		
"Jordan"	780811	672504	0.3	-1	33	84	0.08	0	5167	0.07		
"Pakistan"	773093	458250	0.3	21	25	47	0.3	2	4850	0.11		
"Kyrgyzstan"	749472	663011	0.3	18	79	127	0.03	1	2892	0.2		
"Malta"	741906	636775	0.3	5	72	120	0.03	1	3249	0.08		
"Kuwait"	691396	582224	0.3	10	24	76	0.1	-3	5837	0.07		
"Slovakia"	663895	-393629	0.3	12	21	38	0.5	4	2664	0.07		
"Bosnia and Herzegovina"	646767	417346	0.3	14	45	94	0.06	3	2228	0.07		
"Chile"	627361	276437	0.3	16	124	43	0.4	6	11582	0.13		
"Peru"	578035	309632	0.3	45	150	54	0.2	3	10420	0.13		
"Bangladesh"	572952	90836	0.3	13	64	49	0.3	6	4172	0.15		
"Macedonia, North"	570555	369015	0.3	10	37	103	0.05	8	1348	0.09		
"Japan"	529691	-3859493	0.2	4	20	4	3.5	1	6256	0.09		
"Senegal"	529114	518206	0.2	16	46	110	0.04	4	6632	0.05		
"Finland"	509192	-832706	0.2	12	37	44	0.4	3	2842	0.07		
"Croatia"	500877	112403	0.2	9	28	63	0.2	6	1362	0.07		
"Oman"	498179	-553615	0.2	20	-5	83	0.08	-6	5977	0.08		
"Ghana"	461851	342568	0.2	22	-3	82	0.08	8	8888	0.18		
"Moldova, Republic of"	453142	72818	0.2	12	35	118	0.03	8	2317	0.08		
"Malaysia"	445166	-2652889	0.2	10	17	25	1.1	3	5172	0.09		
"Côte d'Ivoire"	430907	35229	0.2	32	40	93	0.06	9	6793	0.08		
"Colombia"	420672	-1270801	0.2	17	94	51	0.3	4	8915	0.13		
"Mauritania"	409436	132697	0.2	35	242	146	0.02	1	5817	0.07		
"Lithuania"	364562	-263079	0.2	5	19	59	0.2	7	1630	0.07		
"Somalia"	354859	346941	0.2	25	30	150	0.01	9	5305	0.16		
"Ethiopia"	354348	329930	0.2	-2	53	90	0.07	1	6305	0.11		
"Viet Nam"	336664	-1236395	0.1	5	38	19	1.5	8	3535	0.19		
"Kenya"	329594	310244	0.1	18	45	80	0.09	2	6680	0.08		
"Indonesia"	313043	-1534342	0.1	3	46	30	0.9	2	5872	0.11		
"Djibouti"	307025	306153	0.1	31	-4	130	0.02	5	6387	0.22		
"Panama"	304869	286521	0.1	6	78	60	0.2	1	8657	0.12		
"Venezuela, Bolivarian Republic of"	299697	-251538	0.1	62	27	117	0.03	-11	8121	0.16		
"Sudan"	289624	184661	0.1	-6	-24	122	0.03	-2		0.13		
"Liberia"	269034	264984	0.1	21	51	87	0.07	17	11608	0.19		
"Saudi Arabia"	265400	-3191015	0.1	-38	-89	32	0.7	3	5816	0.07		
"Afghanistan"	258637	225177	0.1	12	24	147	0.02	-8	2990	0.12		
"Tajikistan"	258441	62710	0.1	10	49	142	0.02	9	2803	0.17		
"Tanzania, United Republic of"	253975	214280	0.1	16	27	102	0.05	7	6633	0.1		
"Taipei, Chinese"	253583	-1583580	0.1	3	7	17	1.7	8	5007	0.1		
"Argentina"	237767	-307892	0.1	7	55	50	0.3	-5	10631	0.1		
"Thailand"	236224	-1408489	0.1	3	28	23	1.2	2	4905	0.09		
"Dominican Republic"	233332	210029	0.1	31	87	67	0.1	5	6446	0.22		
"Guinea"	223749	211246	0.1	21	65	135	0.02	7	9140	0.19		
"Angola"	203305	192698	0.1	-1	11	100	0.05	-11	7692	0.06		
"Cameroon"	185653	128339	0.1	14	17	116	0.03	8	7279	0.14		
"Bahrain"	173167	-187346	0.1	-9	-14	101	0.05	1	6359	0.08		
"Jamaica"	168024	167858	0.1	27	120	137	0.02	-2	6759	0.22		
"Latvia"	160980	-69877	0.1	3	54	77	0.1	7	1575	0.08		
"Cayman Islands"	160415	158075	0.1	36	2132	123	0.03	5	7522	0.35		
"Benin"	149702	135547	0.1	10	27	149	0.01	-2	6481	0.07		
"Marshall Islands"	149518	116816	0.1	7	-55	91	0.06	-1	7455	0.18		
"Haiti"	139936	138932	0.1	16	-15	140	0.02	0	6340	0.18		
"Area Nes"	136416	-24257562	0.1	106	56							
"Sierra Leone"	134366	126171	0.1	26	75	170	0	10	8820	0.13		
"Guatemala"	132043	115106	0.1	30	142	68	0.1	7	5828	0.15		
"New Zealand"	128003	94600	0.1	4	22	56	0.2	3	11141	0.09		
"Estonia"	126297	-103721	0.1	2	60	73	0.1	6	2314	0.06		
"Mozambique"	122538	77107	0.1	43	60	108	0.04	8	6196	0.1		
"Togo"	119523	92275	0.1	23	-16	153	0.01	10	7318	0.08		
"Uruguay"	115427	-128507	0.1	24	124	95	0.06	0	9836	0.11		
"Philippines"	112504	-45247	0	-9	11	34	0.6	2	4354	0.09		
"Montenegro"	111149	89941	0	16	8	152	0.01	0	2382	0.08		
"Costa Rica"	103723	55901	0	12	114	86	0.08	3	6987	0.22		
"Palestine, State of"	99587	88051	0	4	14	176	0	8	3026	0.1		
"Trinidad and Tobago"	96540	95455	0	14	27	128	0.03	-1	6663	0.26		
"Nepal"	96239	79662	0	16	148	96	0.06	8	1856	0.56		
"Burkina Faso"	96022	82270	0	31	45	136	0.02	5	6109	0.05		
"Gibraltar"	95694	93676	0	-11	-8	114	0.03	-5	2572	0.09		
"Sri Lanka"	93847	-5077	0	1	21	85	0.08	-3	4351	0.16		
"Mauritius"	90152	88945	0	7	21	133	0.02	-2	7320	0.08		
"Paraguay"	87541	76623	0	28	67	92	0.06	0	7311	0.15		
"Mali"	86865	32056	0	14	25	141	0.02	9	5008	0.1		
"Congo"	85306	82721	0	10	40	154	0.01	-18	6851	0.07		
"Rwanda"	78561	77760	0	16	186	159	0.01	17	5437	0.08		
"Niger"	78183	67701	0	16	33	162	0	13	5715	0.09		
"Luxembourg"	76929	-59085	0	21	-21	71	0.1	3	1488	0.14		
"Mongolia"	69687	66754	0	23	119	125	0.03	8	3267	0.22		
"Gambia"	69630	69472	0	16	11	167	0	7	8260	0.14		
"Guyana"	68508	65162	0	27	126	144	0.02	13	11175	0.21		
"Honduras"	66370	55717	0	42	64	99	0.05	4	6104	0.16		
"Madagascar"	65826	47521	0	-3	-11	138	0.02	2	7339	0.08		
"Uganda"	59610	47249	0	28	11	132	0.02	11	5788	0.09		
"Ecuador"	57881	-85795	0	6	35	69	0.1	3	9174	0.12		
"Congo, Democratic Republic of the"	53669	39344	0	20	-6	111	0.04	13	6479	0.14		
"Chad"	52956	-56708	0	28	28	184	0	13	6931	0.16		
"Gabon"	48833	24373	0	10	-5	158	0.01	-2	7114	0.11		
"Bahamas"	47843	46991	0	42	128	115	0.03	-8	6248	0.19		
"Maldives"	47451	47400	0	-6	91	151	0.01	-3	4478	0.08		
"Bolivia, Plurinational State of"	45326	-89551	0	17	107	106	0.04	-3	7978	0.11		
"El Salvador"	41922	35253	0	14	66	88	0.07	9	4914	0.15		
"Equatorial Guinea"	34117	34064	0	12	-12	182	0	2	6008	0.11		
"Iceland"	30430	3663	0	-33	62	112	0.04	-1	4251	0.05		
"Suriname"	30118	29982	0	24	36	173	0	1	9050	0.14		
"Cuba"	28854	16816	0	4	15	145	0.02	-13	7148	0.09		
"Cook Islands"	28497	27641	0	35	416	206	0	-4	9417	0.22		
"Cambodia"	26334	-37964	0	14	5	66	0.1	16	2651	0.18		
"Eritrea"	23666	23601	0	14	139	203	0	-8	6303	0.14		
"Myanmar"	21161	-24701	0	-9	-59	79	0.10	-1	2536	0.25		
"Zambia"	20094	15146	0	7	-4	119	0.03	-9	5447	0.14		
"Barbados"	17909	17867	0	36	40	161	0	0	4992	0.21		
"Nicaragua"	17392	15966	0	8	43	104	0.05	4	5888	0.1		
"Comoros"	17308	10575	0	26	22	192	0	18	5731	0.22		
"Zimbabwe"	14731	-1747	0	26	-4	134	0.02	7	3754	0.39		
"Macao, China"	14170	13659	0	154	298	81	0.09	15		0.17		
"Seychelles"	12269	-9097	0	16	-32	187	0	-7	6627	0.06		
"Cabo Verde"	10343	9428	0	20	89	181	0	4	5196	0.21		
"Guinea-Bissau"	9762	4873	0	28	18	195	0	2	5802	0.16		
"Antigua and Barbuda"	9022	9022	0	9	31	174	0	1	6334	0.27		
"Brunei Darussalam"	8701	8695	0	42	334	109	0.04	26	5185	0.11		
"Belize"	8678	5639	0	6	71	179	0	1	5006	0.18		
"New Caledonia"	8664	8663	0	6	8	155	0.01	-1	11471	0.2		
"Vanuatu"	7133	6902	0	43	132	198	0	-2	6248	0.13		
"Saint Vincent and the Grenadines"	6370	6369	0	29	-64	196	0	3	6798	0.14		
"French Polynesia"	5591	5583	0	12	-15	165	0	1	13300	0.24		
"Palau"	4891	3931	0	36	164	209	0	1	6232	0.16		
"Sao Tome and Principe"	4694	4694	0	41	79	210	0	-3	6155	0.31		
"Malawi"	4633	-17988	0	3	63	168	0	0	5169	0.15		
"Fiji"	4231	4109	0	36	-27	157	0.01	-7	7384	0.12		
"British Virgin Islands"	4212	4212	0	-32	-69	156	0.01	8	7242	0.27		
"United States Minor Outlying Islands"	3987	3915	0	7	65	177	0	0		0.21		
"Saint Kitts and Nevis"	3781	3772	0	0	48	201	0	-12	5440	0.41		
"Namibia"	3769	3617	0	-51	-11	126	0.03	-1	3757	0.37		
"Central African Republic"	3709	1521	0	17	24	199	0	7	6606	0.08		
"Botswana"	3205	3006	0	25	-33	124	0.03	2	2968	0.52		
"Papua New Guinea"	2942	2707	0	-13	-40	143	0.02	-1	4973	0.17		
"Burundi"	2353	2282	0	5	-19	188	0	13	4755	0.14		
"Armenia"	2342	-1342	0	381	169	131	0.02	6	3323	0.15		
"Saint Lucia"	2274	2274	0	0	-1	171	0	-10	5321	0.23		
"Dominica"	2265	2260	0	36	40	185	0	8	4908	0.65		
"Grenada"	2212	2209	0	8	90	191	0	-1	4157	0.2		
"Bermuda"	1395	1377	0	0	216	169	0	-3	8006	0.28		
"Aruba"	1346	1346	0	6	-3	175	0	-3	4917	0.3		
"Tuvalu"	1217	1133	0	22	336	204	0	17	6386	0.21		
"Lao People's Democratic Republic"	1189	-3841	0	-16	-38	129	0.02	-1	2572	0.28		
"Turks and Caicos Islands"	1126	1126	0	73	11	193	0	-3	3491	0.74		
"Samoa"	961	961	0	4	-1	197	0	-1	6816	0.13		
"Timor-Leste"	814	732	0	115	71	183	0	12	3988	0.22		
"Saint Helena"	756	756	0		-85	217	0	6	7699	0.31		
"Eswatini"	646	633	0	-20	47	160	0	1	1597	0.74		
"Faroe Islands"	625	-323	0	20	-17	172	0	7	1404	0.27		
"Andorra"	544	502	0	8	79	166	0	2	610	0.52		
"French Southern and Antarctic Territories"	435	433	0	13	-6	214	0	14		0.12		
"Kiribati"	351	351	0	45	111	205	0	10	5936	0.13		
"Lesotho"	276	102	0	-41	-32	164	0	-2	1590	0.78		
"British Indian Ocean Territory"	256	256	0	-7	257	219	0	-9		0.67		
"Tonga"	220	220	0	2	-13	202	0	4	5771	0.16		
"Anguilla"	167	167	0	4	-34	212	0	-5	4397	0.58		
"Falkland Islands (Malvinas)"	120	118	0		-78	207	0	2	12325	0.46		
"Solomon Islands"	112	112	0	52	-38	190	0	0	6301	0.17		
"Micronesia, Federated States of"	101	101	0	63	189	208	0	-8	7109	0.19		
"Niue"	82	-72	0		301	223	0	7	11410	0.48		
"Bhutan"	73	-728	0	-26	1023	178	0	15	1733	0.63		
"Wallis and Futuna Islands"	65	65	0	75	-89	218	0	7	10103	0.24		
"Tokelau"	63	53	0			226	0	-33	11566	0.22		
"Greenland"	30	28	0	12	-80	180	0	6	3482	0.44		
"Curaçao"	12	12	0	-24	-78	163	0	-12		0.24		
"Christmas Island"	8	8	0		166	220	0	3		0.69		
"Northern Mariana Islands"	3	3	0	-65		216	0	-19	3811	0.2		
"Nauru"		-63				211	0	18	6014	0.27		
"Ship stores and bunkers"						75	0.1	-11		0.16		
"Free Zones"						186	0	-34		0.92		
"Bonaire, Sint Eustatius and Saba"						189	0	20		0.19		
"South Sudan"						194	0	12		0.25		
"Korea, Democratic People's Republic of"						200	0	-49	1470	0.87		
"Sint Maarten (Dutch part)"						213	0	-7		0.43		
"Saint Pierre and Miquelon"						215	0	10	3489	0.45		
"Western Sahara"						221	0	-16	12469	0.9		
"Norfolk Island"						222	0	1	5454	0.24		
"Montserrat"						224	0	-7		0.49		
"Cocos (Keeling) Islands"						225	0	8		0.74		
"Pitcairn"						227	0	-5		0.23		
"West Asia not elsewhere specified"						228	0			1		
"British Antarctic Territory"						229	0			1		
